6337.0062 
3057.9548 
3519.8091 
4260.1623 
4965.0311 
2788.2641 
2724.2926 
6772.0157 
2427.3074 
4088.7209 
1118.2408 
9424.0495 
3700.7273 
4895.2987 
3134.8761 
1758.4051 
5160.1386 
8876.6596 
9434.4491 
4557.9168 
2479.5627 
2661.5571 
2635.8139 
2607.3130 
6235.1516 
9401.8917 
2401.3187 
2804.8632 
1475.4760 
3540.3423 
3024.8725 
8213.3226 
3361.6704 
2331.6125 
2432.2443 
1358.1919 
3752.1113 
1770.0384 
4908.8525 
5627.0888 
1793.3189 
4548.9394 
3545.5169 
6951.1565 
3875.8764 
1898.8615 
10114.0882 
2446.2306 
1918.5993 
6064.5074 
6586.0519 
2421.3435 
5687.7433 
4335.2374 
3269.8297 
12054.8774 
5103.5126 
6779.1301 
2128.8769 
3331.1834 
4136.4228 
11328.0422 
11605.2163 
3229.9967 
2772.7692 
4147.7134 
1619.4235 
5240.2343 
2622.6437 
7132.0185 
3421.2275 
2530.5546 
3044.7949 
10140.8473 
2330.7492 
846.2317 
1356.6934 
2244.7496 
951.8038 
4036.4514 
1359.5017 
1907.0622 
1679.7390 
1754.1598 
2211.1699 
1414.7471 
1258.7417 
1926.5758 
2060.3747 
2601.3536 
1254.3375 
6269.1309 
2275.8036 
1493.9694 
2221.7564 
6361.7796 
5794.9762 
2606.0164 
1730.5911 
1601.7901 
2149.3316 
1313.3693 
1918.3824 
1166.8430 
3108.6124 
465.0576 
2661.0052 
1596.6854 
371.8427 
4462.9760 
1216.3937 
1532.9437 
1198.1282 
953.9570 
736.3814 
696.8374 
1677.4079 
656.8703 
809.7717 
781.5783 
822.4490 
497.2315 
779.6213 
568.2482 
2158.4082 
416.9446 
673.6982 
794.5752 
2519.9396 
1398.7978 
4648.1301 
2706.4203 
1748.5819 
1618.6051 
5950.3666 
1751.1038 
3756.8661 
1494.1354 
2132.1636 
1004.6681 
1672.5972 
2845.7419 
2759.1555 
878.7124 
2394.3658 
1377.0877 
2935.6988 
954.4005 
2126.6352 
1165.0132 
3216.6501 
959.0928 
961.8002 
1483.5077 
2146.3435 
1908.8322 
2213.1761 
1629.8666 
1971.1613 
1792.5534 
2155.9635 
1285.4165 
961.2209 
2997.6377 
1388.5994 
1291.7965 
2171.8142 
4150.8576 
2290.3676 
2051.1084 
1273.0572 
1122.8822 
3425.7063 
1108.9798 
1296.2801 
948.7541 
892.4179 
4626.3510 
5066.5318 
1160.9300 
1365.1033 
9028.6750 
1177.8783 
1851.1103 
8727.6925 
2039.2616 
4589.6480 
1806.6657 
2210.5268 
3196.7100 
1392.5068 
8006.0879 
2872.4116 
4369.9133 
4229.0241 
4302.2559 
1697.9917 
2388.5053 
3713.1852 
3185.9649 
3835.1563 
2369.5403 
3052.3424 
5024.0984 
4311.7851 
2209.4732 
3839.7064 
1781.3342 
3791.0161 
3119.6163 
3149.9855 
4297.8374 
2824.6934 
4849.2266 
1899.0707 
3354.7359 
3442.3615 
6172.5830 
3671.5263 
3557.1024 
1540.8925 
3700.5436 
1716.2492 
3425.8604 
5090.5465 
5649.8674 
3530.8294 
2994.2663 
4421.7065 
4349.7265 
5040.8143 
3337.6503 
2561.9797 
2042.4653 
4729.3176 
5394.9716 
3712.0792 
4608.5252 
3778.6302 
1650.8548 
7132.5263 
1925.1595 
2320.4609 
2043.4818 
5960.9597 
7193.7523 
1682.1092 
3542.6041 
3107.8545 
1923.0976 
1893.1705 
2058.1732 
3447.7623 
3575.1415 
3427.4416 
1318.1577 
3840.3287 
6733.9704 
2635.9081 
996.1631 
1920.3024 
1649.0218 
4326.0035 
2095.4589 
5388.4395 
4118.8009 
2977.0935 
4142.8891 
2307.2634 
3269.6084 
1085.4283 
1841.3626 
2226.0253 
3087.5163 
3091.7271 
3102.6133 
1916.9256 
476.0153 
629.5676 
591.9258 
571.5806 
1196.9441 
540.2068 
535.7577 
637.8264 
438.4722 
539.9573 
548.2116 
581.0991 
634.1401 
1026.4664 
449.5401 
875.0041 
1647.8997 
745.1220 
590.7341 
2031.7398 
978.6409 
436.9580 
506.7743 
773.8584 
905.7612 
616.3554 
3232.5141 
594.4920 
1242.2699 
774.1294 
2477.8809 
1514.4692 
808.2346 
400.5104 
703.3393 
1044.6675 
558.4944 
1273.1316 
450.9460 
714.8281 
2352.0291 
1781.9737 
1750.0225 
6792.5387 
4244.6973 
2650.3716 
2262.6631 
5379.4763 
2839.8111 
1072.3305 
2573.7842 
2180.6066 
2634.1291 
5478.2240 
3518.5355 
4088.4598 
1662.5313 
1877.2088 
2198.7818 
2434.2005 
3522.5694 
1615.7720 
1548.0903 
2078.3191 
1396.8167 
1688.5130 
301.4024 
2906.5437 
2644.2355 
1040.0398 
1146.2392 
1861.9174 
1328.0281 
2375.5558 
1554.8596 
2216.5008 
1330.9390 
1933.5252 
416.0414 
2053.9903 
2027.2507 
4564.9582 
1123.5701 
1482.8370 
1009.5928 
1093.1693 
2298.1446 
5010.6761 
1823.4722 
1287.0234 
1733.4868 
968.2004 
872.5634 
1167.0793 
1688.8000 
812.6822 
1347.9196 
2479.9198 
999.4155 
1496.3943 
1059.9689 
2438.7135 
1533.7031 
2289.1140 
1167.4432 
1825.4303 
3029.5254 
2456.5040 
1539.4040 
3775.4918 
938.1559 
2962.6215 
1205.6535 
1319.2832 
1088.3759 
946.2373 
984.9799 
3447.3005 
920.5748 
1899.4935 
1851.1452 
6217.6871 
3475.8257 
748.5689 
1002.6495 
1948.2350 
993.4620 
1018.6976 
1772.5611 
1600.9239 
811.9546 
1242.0569 
821.7986 
1058.9759 
2587.0661 
1195.4310 
2029.3444 
1235.5276 
1372.1606 
1773.6575 
1352.5884 
1252.8186 
2363.5641 
1604.9644 
882.3090 
1057.6920 
1224.2938 
1264.1807 
1832.5075 
508.3405 
605.2901 
1131.2399 
1601.6623 
1928.5757 
1393.2346 
2989.8151 
534.4724 
1703.8791 
3243.3664 
1397.0665 
733.0530 
1126.2330 
968.1663 
1127.5460 
1547.7979 
496.0261 
1633.8745 
835.2727 
1027.9297 
1016.3336 
658.3640 
1799.6308 
987.2472 
1423.8218 
2058.3264 
1393.7789 
945.4181 
972.6155 
1025.4571 
864.3448 
1104.9997 
1197.5776 
1448.9123 
835.8946 
1823.4401 
1749.8318 
1031.3622 
1068.0527 
621.1187 
708.1630 
1004.8307 
750.0892 
839.8433 
737.2560 
730.8469 
1241.4811 
1318.5206 
1313.1754 
723.8163 
769.6922 
1106.3885 
1227.3310 
653.9308 
1968.7446 
2143.1264 
1195.9255 
1743.0879 
640.3609 
1099.8087 
808.6573 
764.4685 
631.4192 
722.5423 
1038.9393 
1553.4110 
1503.6924 
2259.1501 
561.4881 
1203.7624 
893.0828 
771.3375 
784.2177 
2433.5319 
458.5981 
815.1715 
569.1705 
838.9691 
1565.0191 
1188.3101 
1318.0212 
1852.1125 
2488.7838 
1761.9934 
1498.0131 
1348.9401 
1328.2123 
714.5779 
1061.8839 
557.4885 
1479.3760 
705.0213 
925.6940 
773.9197 
1613.2195 
3814.7953 
1546.1115 
3382.0543 
924.7110 
3204.4391 
1625.8274 
1109.9128 
1334.1980 
2133.0553 
2868.3063 
2181.2476 
3291.2083 
1091.1733 
748.0679 
502.4991 
870.6667 
1072.3966 
1052.5079 
625.9554 
674.2237 
965.0409 
1238.4804 
759.3512 
1937.6046 
949.8733 
1536.5809 
1013.3447 
576.1764 
852.9521 
532.6762 
1502.0130 
878.9716 
579.7365 
1188.3441 
762.3778 
1061.1552 
1614.3923 
928.4934 
627.2844 
881.1220 
488.3218 
1886.0544 
-1.0000 
11107.3634 
1520.8616 
1433.6852 
866.1512 
1003.7493 
1302.0019 
663.4901 
690.3938 
1743.2989 
474.5340 
927.9321 
2018.3824 
926.8033 
927.8409 
1763.8864 
2468.0414 
1568.2843 
1327.4256 
2815.1484 
812.0794 
2001.3300 
1024.3368 
801.5537 
704.0102 
1213.6191 
1003.0325 
872.3007 
2289.0208 
1304.2633 
570.9478 
967.3662 
1160.2358 
643.7124 
7998.1483 
4613.8736 
692.1248 
1724.2706 
1289.7096 
8794.6296 
1537.7377 
1697.1311 
1769.0690 
892.8364 
1042.2416 
1237.4985 
796.0997 
1064.0676 
1291.3570 
6803.1655 
2888.5155 
888.0939 
2254.2824 
2184.2445 
5992.9033 
5132.6459 
1474.7819 
7006.3499 
1542.8646 
6567.0795 
1512.2349 
1693.4911 
7887.3198 
1323.7147 
5193.2902 
3984.5013 
4463.0991 
2326.5517 
3165.0280 
1950.8087 
2648.5081 
1855.3780 
2224.7819 
2949.3384 
3340.5734 
2089.3501 
1012.2697 
1469.6408 
4455.2053 
2909.1900 
2018.6187 
1116.9879 
835.9825 
1933.3521 
2819.3891 
1331.3415 
1781.8978 
