4061.0202 
3296.9803 
1846.1616 
2332.8409 
4903.8048 
1456.9599 
1595.6256 
3604.5253 
1542.3263 
3016.5340 
996.2564 
7399.5977 
2052.1761 
2619.0160 
3683.2471 
1602.2687 
4638.7329 
6844.5376 
6335.9186 
1954.4371 
1992.4493 
1136.2661 
1977.4502 
2162.1376 
2642.1538 
3590.1681 
1907.9060 
991.5459 
1327.0656 
2341.6313 
3077.9860 
4838.9141 
1284.3155 
966.1866 
1658.1349 
1249.7309 
1848.7012 
1657.1072 
2196.9468 
2327.0249 
1085.6524 
1921.9457 
1166.6258 
4013.1545 
1712.3061 
1873.9893 
3903.5555 
1164.7630 
2308.5801 
3166.7481 
2136.2017 
2146.9717 
2378.9745 
2610.5131 
1420.7483 
3227.8247 
2618.4842 
2857.2873 
2011.1185 
2154.1982 
1740.4813 
8163.4328 
8762.9290 
1854.2447 
2360.3338 
2545.0998 
910.4325 
2620.8880 
1351.2798 
8147.1823 
2228.5808 
1264.4101 
1321.6747 
4392.8097 
3939.1500 
582.1574 
1069.3987 
1960.1529 
915.6599 
1886.1093 
953.2442 
2142.9446 
1442.3795 
1373.0987 
1865.6192 
776.7900 
1228.7924 
1535.6960 
1683.1999 
1783.1296 
1369.8544 
4094.6696 
2074.0940 
2764.8432 
1138.8493 
2847.4570 
1958.1906 
2754.7884 
1364.7340 
2350.9482 
1237.5026 
1243.7605 
677.1515 
986.8101 
1671.1575 
326.9023 
1057.1231 
691.0821 
263.5617 
1093.7706 
421.2512 
658.6549 
664.2700 
373.3172 
557.7919 
376.4463 
546.9102 
480.0842 
814.4879 
362.2306 
506.4143 
275.6173 
912.0008 
512.6553 
666.1819 
314.7300 
351.2345 
487.4073 
1166.0999 
1500.7645 
1443.5700 
1279.6273 
1514.8383 
1373.4866 
2330.0447 
1663.1900 
2124.9686 
1044.3157 
1271.7703 
779.1409 
1325.6644 
1676.6407 
2305.0099 
964.3974 
1338.0966 
1287.6528 
2495.0649 
1050.6984 
1083.8706 
1066.3650 
1857.3867 
811.5230 
1203.8370 
1257.7082 
1456.6649 
1233.2811 
1308.7814 
2031.7541 
1531.9045 
1083.2113 
1709.4452 
1349.0029 
893.5997 
1450.4897 
1031.9341 
1288.1192 
653.4155 
2735.4729 
784.5751 
1311.3674 
1160.6427 
1429.0866 
2179.2886 
1066.5563 
1019.5382 
1078.8782 
853.8539 
3535.2039 
5380.3061 
1272.6332 
1185.4577 
8690.9935 
1417.5453 
2567.3176 
3593.5978 
2130.5359 
2788.4698 
2332.6552 
1772.9781 
929.1317 
1638.1229 
7815.1997 
4176.4169 
4970.5575 
2106.7842 
3941.3978 
2285.5324 
2071.2370 
4071.3204 
1566.9389 
6452.7022 
3009.5046 
3483.6722 
2755.6514 
3228.2777 
3647.8354 
3885.7098 
2882.6000 
1832.9792 
1949.2745 
3397.6884 
4999.4483 
3206.4421 
5616.2740 
2333.8528 
3806.2921 
4343.6271 
9219.7460 
3928.9096 
4786.4235 
1543.7232 
2457.7436 
2911.7308 
3157.2295 
5246.7036 
5213.9962 
2970.3248 
2570.1382 
6242.7309 
4222.1154 
4615.6101 
2809.3446 
3074.5552 
2928.8010 
4011.7075 
5103.2649 
2788.3994 
3795.0567 
4650.1956 
2040.7035 
7485.2486 
2882.2421 
1860.0648 
3346.3318 
3259.9266 
4379.2571 
2736.3888 
2778.1011 
2506.4563 
1733.1209 
2237.8832 
2833.3544 
2686.5306 
4095.7660 
4197.4166 
1274.9307 
8044.7868 
6729.1280 
1961.5097 
2543.4735 
2326.8395 
2223.4518 
3277.9261 
2403.7619 
6101.6093 
6397.1916 
2663.0489 
3469.7488 
5201.1287 
3978.1364 
1262.8002 
1801.5477 
3610.1489 
4350.7211 
4347.6882 
2959.5360 
2676.4235 
280.6180 
473.7923 
580.6584 
541.2249 
883.9149 
467.3992 
328.1446 
368.9010 
329.0762 
416.8448 
448.3650 
403.5758 
309.5191 
412.7017 
438.3362 
770.4465 
656.6898 
498.8124 
541.8514 
653.6334 
334.7654 
513.7732 
385.4463 
395.1688 
631.0811 
440.8651 
1043.7662 
354.2542 
762.8817 
422.9771 
877.9773 
735.4102 
477.3354 
500.1113 
445.8327 
423.5899 
526.3203 
777.5862 
339.8496 
486.1124 
2232.4463 
3329.5799 
914.9864 
7329.4120 
2332.3084 
1562.8773 
1425.3123 
4025.9487 
2507.1378 
1653.8326 
1599.4267 
2285.4615 
3231.0051 
4606.1577 
1876.1030 
3687.6977 
1755.9096 
1691.9871 
968.0034 
1562.7834 
3309.6274 
1794.8225 
1527.5700 
1080.7665 
1588.2227 
1863.9965 
850.6442 
5057.3623 
3277.8262 
2185.1698 
1312.8868 
1449.3861 
977.4358 
2334.4629 
1339.2618 
2488.9923 
804.5426 
2271.6613 
890.7368 
1917.9337 
1646.7735 
4074.7160 
1526.7586 
1752.9217 
1427.8303 
1915.1365 
1556.9969 
4395.6525 
1377.0320 
884.1123 
1191.3462 
1130.7992 
1461.4302 
2149.3723 
2814.0362 
1348.1192 
1157.2807 
3698.9887 
958.1816 
1185.7617 
1042.0741 
1726.1520 
1634.0557 
2426.7536 
2019.0700 
1623.4006 
5757.5748 
1090.9160 
1463.3258 
3261.4897 
671.3014 
1918.4255 
534.1773 
851.9364 
432.1870 
552.6724 
1193.9683 
2005.7013 
522.9862 
1250.9717 
1231.4969 
3426.2533 
1678.4688 
477.3279 
624.9042 
1491.0264 
875.7390 
1231.1490 
1227.1781 
1302.7034 
585.3361 
1049.0349 
1057.9963 
625.2666 
1285.7955 
869.0426 
1209.2652 
1212.2767 
645.7368 
1176.8894 
520.2805 
544.8811 
1298.1379 
988.5815 
737.1492 
346.2611 
805.1288 
814.7511 
1280.9365 
405.6136 
386.6639 
604.1130 
848.0524 
995.6414 
693.5267 
853.6170 
477.0476 
400.5771 
584.5451 
975.7640 
591.9787 
1071.8487 
974.4326 
1215.1708 
1205.3621 
499.8769 
1048.9011 
534.3129 
562.9735 
735.9132 
579.2619 
388.7258 
487.0334 
664.5951 
852.6863 
715.3507 
415.1183 
609.8812 
494.5170 
654.5380 
747.6383 
779.9599 
874.8725 
372.8068 
904.9196 
1124.8170 
439.8476 
508.7142 
624.0705 
1052.5487 
1739.5479 
495.5207 
1034.3959 
891.5516 
525.7009 
639.7333 
667.8350 
641.8192 
522.3288 
435.6830 
451.3984 
436.4929 
832.9407 
827.4315 
791.1760 
994.0526 
1068.1869 
446.6440 
1081.3934 
806.7269 
622.6479 
446.8050 
428.7678 
675.5900 
504.5295 
1956.9717 
827.1914 
407.9286 
487.2669 
488.0734 
618.4401 
846.6465 
897.5471 
549.1030 
420.9005 
472.0772 
426.3938 
887.8417 
791.0482 
801.2635 
1599.5893 
976.3895 
1323.8950 
595.5502 
651.3665 
632.8504 
659.8639 
1224.6499 
462.7547 
1103.6842 
1243.1321 
649.2188 
474.2562 
670.9603 
702.0372 
1280.9859 
3912.3781 
912.3316 
1403.2558 
652.3632 
758.4542 
806.0672 
1037.6492 
1159.6717 
1321.5811 
1255.7877 
811.4940 
873.1494 
378.1435 
684.2268 
962.2151 
436.8831 
985.6419 
414.5442 
773.5653 
755.4347 
294.1829 
834.6602 
752.5615 
601.7028 
700.8825 
516.3618 
761.4231 
464.5168 
757.0609 
694.8994 
907.5779 
361.4563 
968.3594 
1567.6823 
1617.6527 
696.4643 
486.9854 
1329.9759 
470.4396 
800.3786 
1284.7387 
4810.0865 
954.3631 
1355.4852 
409.3887 
668.4673 
2603.1664 
468.7315 
627.9556 
766.4988 
394.6689 
680.4228 
2653.5992 
473.6050 
368.9226 
2170.5508 
978.1000 
511.0756 
597.3944 
1186.6400 
465.3847 
1236.5085 
969.6284 
721.6310 
475.4344 
925.5058 
427.4635 
595.8110 
1161.5623 
690.5245 
521.7171 
498.6969 
1006.8050 
512.9346 
5433.7749 
1872.8151 
553.7149 
1525.9400 
2938.5916 
6870.6168 
919.5432 
1101.6475 
2765.8244 
902.1189 
747.4098 
1752.2058 
1035.6113 
1254.8937 
976.1369 
4453.3931 
2194.7746 
1003.3745 
1749.3952 
1129.1613 
2672.2776 
2955.1340 
2222.5826 
2110.4910 
1079.0714 
2723.9734 
1643.8004 
2694.4420 
5183.0890 
1596.0315 
1654.5836 
1595.0678 
2758.2195 
3394.5104 
1078.7147 
2200.2941 
3485.0812 
1528.0495 
1517.0562 
2333.9482 
4187.3655 
2030.8769 
1177.2000 
1062.2714 
3102.7660 
1957.6022 
1629.7685 
906.6762 
735.1939 
1893.6005 
2969.7719 
1585.7337 
2135.6639 
