8480.7937 
3012.2368 
2078.8596 
4513.4671 
7444.6358 
3644.1292 
2921.8198 
7315.7215 
2681.2408 
5211.0699 
1049.9572 
13350.6310 
3577.6163 
6661.3539 
4259.7326 
1833.6950 
5460.0839 
9526.2525 
7685.7177 
3817.6341 
1570.4807 
2290.4640 
4103.3546 
2554.7480 
5921.7798 
12371.3925 
2478.4596 
2459.6090 
1779.8881 
3511.2429 
4789.3139 
10862.8830 
2878.7734 
2710.9861 
2744.4327 
1591.3327 
4092.0882 
2640.3234 
5994.4544 
5550.6764 
3335.4566 
3799.1439 
2954.0735 
4190.0195 
1861.1370 
2180.9790 
11512.3138 
2192.9490 
2350.9455 
7906.4700 
4063.2520 
3517.8712 
6884.7810 
4412.8969 
4240.4498 
9441.6565 
4732.1463 
6739.7616 
3766.1659 
4341.1782 
6813.3272 
14669.2183 
14601.6384 
4967.5974 
6195.1491 
5571.9790 
1861.9307 
3799.6891 
2771.5687 
12385.0666 
5113.1993 
4532.5000 
3451.6863 
5446.8573 
4356.6363 
602.6246 
1325.3158 
2466.5544 
1778.0862 
4786.8312 
2337.2323 
2604.1563 
2535.1948 
5494.7794 
3997.9634 
1770.4675 
1398.8187 
2683.0008 
4206.2375 
4698.2085 
3686.0524 
7712.2068 
1838.3283 
3053.1944 
3111.5923 
5955.8440 
4702.8092 
3657.9769 
1445.1274 
2134.7525 
2457.9051 
2859.7117 
1005.9129 
1521.2283 
1976.1185 
302.4043 
1493.8998 
1637.3708 
402.3748 
5048.1144 
757.6609 
1497.7970 
1161.9015 
1076.6968 
1207.6920 
466.4945 
1356.4978 
786.2006 
929.1979 
507.1241 
888.7945 
331.4872 
1325.2491 
462.9590 
1219.8199 
317.2242 
592.6956 
868.4105 
2062.4783 
2236.3141 
3040.0364 
3725.7760 
2560.3625 
2361.3654 
5105.9846 
2831.6697 
4322.1778 
2042.3672 
3060.1912 
936.4697 
2261.2205 
3335.6905 
2122.5740 
1394.6042 
1886.6533 
1570.7289 
3087.8650 
1249.2398 
2201.5340 
2355.8600 
5167.7790 
1082.3380 
1224.0466 
3673.6832 
5381.9038 
2375.0994 
2292.4868 
2787.1417 
4128.1301 
2328.0455 
2044.9469 
2253.0230 
1166.5577 
2013.0476 
1269.4516 
2307.2601 
2052.7862 
6718.6900 
2922.5008 
3193.5531 
1881.4418 
2191.0154 
5257.3281 
1706.6834 
1063.5465 
1161.4403 
1345.1380 
5243.5012 
7767.6222 
1304.9932 
1805.3759 
13083.9510 
1682.3083 
2054.5309 
8936.2928 
2783.8447 
6854.9882 
2630.3871 
2514.8753 
3014.4626 
2088.8421 
14826.0633 
4662.0163 
8863.1237 
3373.9988 
3529.5793 
2665.1137 
5025.6367 
3120.6096 
4610.3178 
8034.1879 
5312.9375 
6554.4264 
5673.5079 
2859.6684 
5197.9712 
2932.3714 
2032.2818 
4026.7781 
4673.8566 
5065.0212 
7483.1638 
3003.1640 
9259.9591 
4691.7715 
3943.5328 
3280.7191 
12224.6289 
3050.4707 
7190.1972 
3272.5087 
4007.3233 
5022.1948 
4144.1209 
5922.9144 
7408.7979 
4127.2127 
4300.8442 
5462.8881 
6014.0240 
5812.8099 
4716.2704 
3338.1109 
5079.1146 
9576.8077 
8475.0556 
3737.0361 
6786.0853 
6436.4634 
1591.8152 
14763.6196 
2542.8142 
3193.1372 
3559.1605 
7167.0619 
6572.4391 
1893.4282 
4623.3620 
3877.1913 
3590.1518 
2662.1085 
3115.2279 
7578.6017 
2129.0313 
4565.2325 
2140.9478 
8179.8259 
9681.0497 
2561.5010 
1653.7735 
3081.2569 
2217.9811 
8566.5885 
3339.4073 
6142.4546 
4252.8030 
2491.0909 
5218.4836 
3940.4951 
4280.8351 
2156.1298 
3326.5407 
3912.6025 
5374.2192 
5411.6219 
5534.0508 
5487.6191 
327.5077 
1040.7185 
562.8434 
557.8292 
1217.2651 
544.8359 
499.9526 
598.7374 
436.2403 
886.9573 
894.6049 
654.3839 
796.3073 
773.7838 
631.3154 
1724.3007 
1198.7875 
1088.4681 
844.0517 
4960.0390 
649.8626 
462.6755 
833.4236 
567.4485 
914.9799 
550.7928 
2739.0458 
519.3596 
1231.8127 
731.3423 
1458.6901 
1763.7728 
878.3722 
765.9055 
1187.2252 
1154.8235 
582.8075 
2849.2155 
400.0660 
661.9504 
3480.3735 
4174.9194 
2121.6993 
9743.2189 
5704.3976 
4951.2684 
1772.0765 
2860.8356 
3369.3896 
2168.2817 
6494.9857 
3802.5698 
4191.6655 
6013.0634 
2210.9833 
5286.7869 
2879.2079 
3899.1512 
1484.5024 
2203.3197 
4918.7783 
1164.3798 
699.3824 
677.6151 
2503.1297 
2577.3978 
261.4442 
5287.7101 
3514.4244 
1864.7967 
432.9690 
876.9472 
577.7194 
2165.8971 
791.4104 
2315.0882 
1358.8005 
992.2656 
412.9641 
780.4784 
1924.9342 
1556.0422 
267.4642 
1265.1050 
953.9216 
1328.2185 
2020.9729 
2621.5131 
1202.2809 
1177.6807 
1443.4737 
1779.2670 
2297.8896 
1476.0482 
1874.8287 
1986.8870 
2163.6869 
4027.9073 
1127.5944 
1809.8348 
970.3677 
1868.6808 
1186.4526 
3214.4610 
1829.9069 
3035.2037 
6764.7156 
7123.5379 
1416.7960 
5671.0129 
840.6942 
3044.9213 
1547.0447 
2532.2658 
919.5294 
1531.2582 
1520.9576 
5968.4241 
792.3015 
2807.7105 
3168.3597 
6117.2286 
5973.5669 
972.2251 
1631.6638 
3400.1913 
1457.3488 
1614.1583 
2155.4959 
2643.5292 
1334.3571 
1031.0551 
1806.6193 
1758.9352 
2162.9287 
1632.9953 
1488.8984 
1953.7365 
2339.4363 
2411.9963 
1558.2571 
2688.6829 
3391.6398 
2850.6083 
767.2877 
1547.3025 
1476.4448 
1183.0592 
1891.6749 
655.6938 
926.4377 
1685.8295 
1936.8770 
1648.9101 
1726.9677 
2121.7279 
771.2158 
2237.3819 
3754.0532 
1915.4721 
1007.9396 
1700.8123 
1883.8793 
1470.6216 
1691.7177 
555.6465 
1762.1672 
545.0367 
1640.7239 
1422.0367 
1118.5901 
3409.0281 
1870.6884 
1165.8511 
2953.6752 
3241.8247 
1104.3820 
680.5651 
1805.5907 
592.5132 
2201.8593 
945.5020 
2272.4127 
1051.5458 
1985.4784 
2534.9651 
1445.8735 
1229.0407 
1047.9598 
970.6201 
955.1393 
1340.7795 
1265.1263 
1529.8750 
1013.9906 
1289.9271 
2552.5053 
1086.4541 
1148.4441 
866.4539 
1547.7576 
740.6886 
1310.9227 
2149.4917 
2032.0960 
2322.4336 
1864.4942 
711.4019 
1273.5717 
956.7307 
700.3252 
789.1882 
888.3150 
2108.0723 
1915.8876 
1998.3370 
2365.9352 
619.2772 
1559.0625 
716.5187 
719.8466 
1555.9955 
3217.8705 
910.2246 
932.1438 
561.0553 
1206.6422 
1683.6389 
1883.9388 
2460.8544 
1874.1595 
2478.0562 
2232.4526 
1241.4316 
2058.9963 
1559.0876 
1000.8838 
1562.2087 
616.5481 
2014.7473 
1492.6451 
1172.0828 
1135.8535 
1872.7153 
4731.9533 
1901.8089 
3901.7354 
1328.5167 
3272.7342 
1208.9927 
2061.0055 
1603.7858 
1314.0778 
4311.1972 
1936.8331 
4009.3415 
1014.1396 
1023.8074 
489.9418 
755.7428 
1627.6700 
1857.5681 
1337.7265 
1106.3504 
1603.5250 
1427.3491 
784.2792 
3452.1172 
1001.2590 
862.8391 
940.3874 
672.9543 
1126.8878 
753.6420 
1035.3934 
1152.7139 
938.6154 
2154.8539 
1438.8246 
2234.7761 
4190.1831 
1006.5969 
796.2559 
2640.8650 
705.4219 
1341.8034 
102.3837 
14456.9765 
1263.2847 
1965.5699 
703.1790 
1430.7565 
3245.9688 
638.2100 
1033.9236 
1721.9305 
512.5665 
834.4767 
2255.5573 
807.4581 
939.5736 
2853.3624 
3640.8765 
1185.8637 
1015.1784 
3018.3241 
621.7016 
3591.3825 
1960.6381 
1342.4133 
579.0184 
1419.5046 
1855.0695 
1026.0548 
2860.9944 
856.7163 
627.8078 
575.9795 
1287.5093 
488.2896 
10014.8712 
2091.0734 
938.0928 
2070.9797 
2180.2903 
5746.2038 
3458.0621 
1300.5486 
2629.4309 
963.1642 
1614.1309 
2399.4017 
1003.3683 
2647.1021 
1265.7662 
4784.7818 
2040.9821 
1594.4476 
2743.5344 
1480.9800 
3114.1305 
3652.1721 
2030.7879 
4225.4676 
1833.9201 
2163.6053 
2778.5859 
2171.1122 
8551.4376 
2147.9152 
5092.7417 
3859.7354 
2713.1485 
2998.0863 
4195.8799 
2586.6366 
4831.0008 
2552.7696 
2397.6279 
3572.8083 
8760.3327 
4141.8839 
2473.4326 
1903.7218 
4889.5764 
2752.2863 
1548.8207 
1531.9232 
1296.5573 
1995.9295 
2740.3200 
2166.0567 
3209.8204 
