6077.5601 
2490.2529 
2112.7029 
4878.7900 
3313.7498 
2910.3987 
3083.6524 
3807.5309 
2462.3492 
2189.1368 
1525.1388 
3426.7825 
5756.6500 
1665.6061 
2590.7996 
2241.4340 
3909.6655 
3965.7974 
6127.7588 
4105.2138 
1573.8730 
1252.2294 
2710.1078 
2515.5476 
8342.7627 
7598.8978 
1721.7626 
2206.5775 
2100.4405 
4128.7164 
2728.3377 
6712.2580 
2111.8282 
1376.1133 
2455.5422 
1747.7184 
3542.7107 
1544.4610 
4184.3081 
2428.8083 
2914.1883 
3994.3939 
1581.0373 
5467.2616 
4450.8801 
2050.5113 
6551.8158 
1216.0387 
2440.1367 
2546.8432 
1733.6331 
3676.5322 
1924.8829 
3869.1721 
2470.6241 
11738.1575 
2653.3385 
2283.9809 
2915.9198 
2818.7460 
4543.2592 
11685.5493 
11505.4659 
4045.1128 
3178.9744 
3225.8819 
2465.2516 
2871.9455 
3371.0417 
6213.0293 
2911.5697 
2227.3984 
3423.5303 
4477.9657 
3484.0394 
965.7795 
1090.6549 
2842.9009 
803.3884 
3247.2483 
733.1199 
737.9846 
2428.6126 
1737.0213 
1460.0205 
1962.3469 
1338.9415 
2742.5302 
824.8196 
1570.6119 
1604.4523 
2542.9196 
2227.6223 
1323.0531 
2209.4965 
5402.4056 
1991.8738 
2256.6062 
1176.2827 
1045.7101 
1221.5827 
1106.9708 
1207.5243 
746.8169 
2340.0813 
248.5727 
479.6825 
966.5833 
514.9382 
1575.3459 
1254.6288 
1651.3488 
1014.6942 
549.4427 
1228.2737 
657.0722 
826.8900 
553.8016 
579.9890 
690.3047 
709.5735 
709.7355 
1546.6299 
664.9318 
2232.9469 
605.1320 
477.2216 
441.0507 
2950.5412 
2672.4181 
3921.9317 
2569.6206 
3036.0779 
2141.7494 
2462.2370 
3079.1871 
4377.3471 
1984.2601 
1976.9690 
1769.1440 
1782.8611 
2695.7537 
2278.2764 
1246.7963 
1306.8720 
939.4568 
2232.0703 
1188.9341 
1428.7545 
1032.5858 
2760.0732 
1983.8421 
997.5601 
1361.5405 
2770.3154 
1265.2364 
1318.4158 
1502.7265 
2661.6583 
3264.4085 
2306.7686 
864.1427 
801.2562 
1814.5312 
964.5511 
2513.5556 
1931.7425 
3579.9456 
772.5259 
2395.9364 
2393.2746 
1671.9628 
2901.9270 
1264.9419 
1644.9625 
1436.7485 
1708.6196 
5450.6269 
7225.2580 
1763.6725 
1243.2644 
8034.5711 
1573.1868 
2078.1300 
4082.7539 
1801.8953 
3118.2333 
3132.3060 
1767.4598 
2061.4212 
1465.4884 
5816.2880 
2438.1481 
4299.6047 
4606.8983 
3077.8076 
3199.5488 
1177.7628 
5259.8485 
1669.6382 
4523.7092 
1623.8956 
5977.0495 
3178.9583 
2351.8741 
4999.4365 
3969.4657 
1948.7482 
3744.8145 
3175.8727 
2361.3746 
5809.0239 
3222.9565 
3756.0791 
2870.3329 
2517.3388 
4537.9345 
4253.3925 
3449.9759 
3059.2384 
2244.4042 
4322.1198 
2872.5948 
2258.1960 
4728.5888 
2088.6514 
2902.8980 
2052.5550 
3758.1087 
2862.5504 
3966.7576 
2014.2823 
2341.9011 
2953.0848 
5778.6209 
3612.2619 
3334.0332 
4016.3442 
6685.9816 
2622.2331 
4171.0842 
2798.5608 
1819.3911 
1824.2077 
3273.9930 
4651.3644 
3429.2624 
4197.3556 
2989.3543 
3836.4363 
1333.4182 
3137.1164 
4441.7849 
3216.4208 
2270.5394 
2307.5090 
3944.5935 
5056.2566 
2468.6844 
2549.6026 
2414.9379 
2981.5979 
3427.1314 
2307.1961 
5816.9713 
3259.8142 
2534.9049 
4675.3313 
3032.2098 
3879.6436 
733.7381 
1655.0310 
4392.4368 
4270.8327 
4264.4828 
2439.4033 
2188.1241 
705.8915 
769.2727 
514.6361 
619.6439 
1116.9372 
609.9131 
765.6434 
814.4204 
1163.2158 
858.8130 
852.3079 
846.5470 
876.8203 
732.9037 
376.6035 
838.0571 
1110.1604 
601.6694 
748.9945 
2618.2733 
1210.0620 
457.3180 
1162.7840 
900.2987 
654.4391 
539.8197 
3231.7831 
456.7497 
1150.0145 
571.0738 
1569.8868 
1048.5467 
1539.9516 
714.7544 
822.8751 
800.1051 
761.2160 
1147.1421 
533.7892 
579.9901 
2051.2129 
1410.0687 
1382.8701 
5495.2383 
2621.3583 
1701.7367 
2056.4212 
5783.1475 
1768.9457 
1265.5054 
7029.7994 
2189.8986 
3500.8211 
3591.6940 
2912.8391 
3482.0485 
2577.9313 
1039.8121 
1342.9833 
1210.0765 
5800.0575 
2667.6284 
862.3614 
1598.6014 
770.5441 
1571.6627 
826.3519 
4616.9211 
1695.8865 
2089.3679 
701.1772 
2624.2802 
739.7640 
1483.0536 
731.5772 
2596.6422 
1542.6899 
932.0135 
828.7912 
920.6415 
1091.9745 
3787.1623 
813.9540 
674.6749 
566.6003 
1198.9394 
732.5865 
2378.6540 
1716.1401 
2256.0832 
1505.3213 
1282.9661 
505.0863 
2245.4882 
2552.1274 
993.3606 
1134.4201 
2176.7790 
1422.8686 
859.0505 
730.8537 
2588.3009 
1429.6849 
1935.1157 
994.8528 
2093.2432 
3189.4306 
1181.8801 
821.8571 
2763.9254 
1091.0139 
3651.1281 
2093.5495 
1593.9374 
942.5337 
1374.0715 
1036.1292 
3035.6418 
1529.0230 
1198.6426 
1500.6611 
4802.1456 
3511.5568 
1109.9683 
1058.9227 
2897.3043 
1169.8911 
1150.7780 
1543.3159 
935.6529 
1730.8517 
1222.1460 
1356.5810 
830.5127 
2719.5233 
1288.7413 
1138.7858 
1140.7753 
1369.4636 
1208.6105 
1106.7879 
1294.0206 
1197.0097 
1403.5032 
910.6341 
1391.7412 
2158.3860 
1731.1538 
2658.1025 
472.8271 
916.9283 
1862.4489 
986.0122 
2055.5527 
1577.5973 
696.3413 
596.8214 
1466.9513 
2346.8057 
2788.5155 
1335.1194 
1245.0148 
785.2470 
1093.5106 
1674.7519 
1016.6353 
1666.4727 
1309.4868 
1529.1402 
744.6435 
1444.7317 
1454.0539 
476.4762 
1231.5757 
1782.6086 
2007.8963 
801.5245 
609.8798 
1681.3438 
753.2780 
1268.9491 
1545.5366 
1763.9211 
1744.9101 
1510.9799 
1114.9211 
963.7850 
1280.8451 
1210.4967 
810.2216 
884.1545 
705.5234 
1588.9825 
1277.8619 
1340.8794 
1205.5930 
2879.0494 
880.3621 
2430.2593 
1605.0896 
1273.7388 
1475.8937 
1422.8208 
1576.9500 
1829.4301 
1537.7205 
1889.0473 
1904.1362 
2071.9458 
864.7029 
975.3577 
597.2257 
618.8109 
1025.8648 
1907.7113 
842.9868 
1751.6153 
1254.8272 
2148.0913 
718.7343 
1474.0917 
1104.7153 
2267.0769 
1079.9348 
838.2160 
843.5888 
1055.7876 
1156.7615 
1624.1519 
2494.8936 
1267.5793 
738.8182 
1387.8520 
1243.9213 
2089.9177 
1254.2213 
683.0613 
1996.5988 
769.3956 
2331.3633 
1222.4941 
909.8913 
1202.0155 
2385.4772 
2044.0104 
3702.8184 
3073.9370 
972.9152 
2628.6218 
1119.1935 
1174.6007 
1507.9473 
1052.2437 
2186.1229 
1787.3205 
2387.6256 
1668.5296 
1344.1796 
1107.7895 
1065.3403 
1088.3075 
1520.0988 
1366.7724 
1058.4268 
1359.3091 
2297.8505 
719.6796 
3165.1675 
859.5154 
1537.5185 
1299.7858 
1025.5872 
1696.1642 
1201.3262 
2467.3986 
732.6019 
439.3217 
1285.6484 
1057.4726 
2369.2494 
2812.0340 
3374.8926 
953.4884 
1359.3462 
1384.0133 
1061.0476 
305.8046 
13397.9416 
1271.9292 
1325.7834 
1071.2855 
1169.6741 
1856.6355 
982.3048 
1581.3810 
2156.0900 
753.9872 
1861.4541 
1062.2810 
1649.3139 
1293.9067 
1587.5781 
2282.1462 
1124.3495 
925.0278 
6244.3384 
810.0971 
1640.3973 
1962.9902 
1042.6163 
799.6645 
1735.6424 
1356.6249 
1050.0008 
2796.8617 
1498.2345 
541.2735 
818.4959 
2100.8271 
844.0715 
5111.2277 
804.9343 
415.8293 
1994.3794 
1103.9374 
4565.9485 
529.1308 
1063.7186 
1705.4840 
908.5457 
1361.4764 
1142.7045 
829.8001 
646.2452 
684.1087 
8670.3940 
1121.1546 
769.8638 
932.3641 
1079.4730 
2731.4788 
1050.8306 
981.4867 
5595.3846 
2263.6642 
6304.4811 
811.4705 
1341.8922 
6667.6533 
525.7871 
2050.5036 
1764.6553 
2487.9911 
3578.4608 
3850.9550 
1219.3738 
2227.0907 
938.0217 
2344.6108 
3016.4269 
1501.0934 
1787.1734 
1474.3955 
624.7884 
2754.1802 
4173.6884 
4263.7462 
944.1764 
1280.7500 
2130.9177 
3241.8511 
1340.7108 
1874.9564 
