4928.9818 
2445.6145 
2393.3739 
2520.7407 
4918.4089 
2505.7851 
2719.7485 
4492.6984 
2958.2077 
3714.7166 
991.8599 
4871.0125 
3776.0260 
977.7271 
3180.1821 
2126.6783 
5920.5693 
9279.9646 
9080.8120 
2385.0078 
2045.5265 
2741.2468 
2537.1383 
1822.7701 
4032.7910 
12806.1756 
3043.8724 
1869.3393 
2482.4852 
7394.8388 
4064.1036 
5207.5877 
2457.4477 
1813.0214 
2759.6947 
1671.8649 
3860.4314 
1701.8554 
2002.7310 
2429.1287 
1981.8652 
2834.5137 
2617.9300 
5410.9641 
2340.8625 
2665.8820 
8888.5091 
1273.0640 
1250.6529 
3349.0666 
7297.3097 
2241.9675 
2725.4676 
4601.3813 
1274.3013 
13498.5533 
2795.3915 
3586.6408 
3033.5292 
3495.1768 
5621.5315 
14499.8633 
15692.7445 
4258.7655 
3164.0808 
3632.5952 
1539.3853 
2060.9901 
4604.7390 
7019.7287 
2518.0744 
2365.6865 
2841.5826 
5811.1352 
3081.2453 
665.4265 
1625.7492 
1432.9173 
721.0900 
1542.6966 
745.5775 
923.7506 
1801.6075 
2178.1134 
1539.8943 
1171.4675 
1089.6309 
1915.1401 
1795.4955 
2390.3040 
1561.6802 
2086.9540 
1338.1228 
2248.3205 
1524.0186 
3815.5208 
1763.7622 
3004.7084 
944.4100 
996.6631 
1315.9600 
1179.4902 
1006.0328 
1069.4749 
1966.7036 
356.9775 
2355.9158 
1148.5430 
519.3347 
2927.1352 
668.8392 
845.6662 
901.8054 
418.7331 
475.7947 
725.1192 
612.1556 
654.4870 
1063.5605 
513.5841 
854.0023 
488.7363 
824.2662 
449.1449 
864.5225 
497.4465 
746.7410 
691.6670 
2520.6533 
3276.9071 
3263.2315 
2288.0579 
1830.1821 
2503.6127 
2440.3007 
4213.7914 
4324.9746 
2142.6239 
1833.9031 
1231.5103 
2082.7682 
2534.1497 
2668.3551 
886.0642 
1979.8988 
1519.6037 
2219.6265 
1509.1900 
1692.8221 
1108.5509 
1980.8966 
1005.6357 
924.9920 
3642.4023 
1720.2119 
1652.6561 
1724.3870 
1685.1739 
3148.3021 
2141.9407 
2396.8098 
1369.4882 
1331.5281 
2291.1746 
1383.8963 
1574.3209 
1385.6212 
5750.3027 
2979.5592 
2715.4426 
1508.0577 
1250.4103 
3877.2124 
1986.7871 
1129.3229 
1414.4829 
1945.9729 
5466.6317 
5244.7730 
2071.2625 
1017.7683 
11061.7228 
1193.9957 
1704.5975 
7251.0397 
2425.5824 
3788.3577 
1855.7295 
2482.1071 
1523.2329 
1232.5303 
9825.7329 
2278.6969 
5326.8097 
2502.6137 
4040.6575 
2440.3466 
1513.5162 
5651.8635 
2483.5798 
4465.9113 
1875.2226 
3889.0241 
2686.3281 
2709.1550 
4463.8382 
2825.3575 
1501.6974 
2825.8452 
3662.6979 
3061.9042 
6639.5979 
2596.6191 
4862.6440 
1587.6169 
3310.2032 
4094.5113 
6350.2222 
2341.7792 
1868.9798 
2803.1475 
3416.3133 
3987.6461 
2925.1638 
4285.4148 
3556.0814 
2951.6260 
3369.2918 
3569.1789 
6588.6931 
4871.6625 
4383.8344 
2719.8178 
3921.6680 
2975.9221 
2508.3082 
1837.8852 
2144.7970 
6692.6580 
2453.8825 
5852.2296 
3148.6822 
1722.1853 
1523.9276 
6188.6290 
10584.0804 
3029.4957 
3005.4966 
6161.3732 
4335.9751 
3142.5000 
3070.2319 
2836.0587 
3976.3189 
2520.2556 
1506.7236 
5388.2072 
6781.3546 
3644.4621 
2514.5376 
3459.8781 
1871.3867 
5093.8466 
3648.0677 
7650.8861 
4090.0014 
3315.7034 
5640.1467 
3109.6868 
3304.8602 
1340.5857 
2217.7342 
3337.5554 
3566.4807 
3650.3851 
3756.7473 
1515.9693 
490.3718 
762.4481 
540.9363 
554.2357 
720.1405 
951.7859 
661.1997 
815.4921 
1117.4389 
625.5287 
805.5400 
1040.2182 
607.1628 
831.5066 
472.3226 
1250.4320 
952.9301 
474.5473 
744.8737 
2592.5150 
1345.5575 
532.3513 
514.4941 
811.9756 
628.7933 
1106.4905 
4265.4372 
573.1276 
1716.1018 
626.5730 
1627.6572 
980.4115 
612.8126 
629.7607 
1005.1078 
583.3417 
1164.2097 
661.2512 
928.4863 
740.5041 
1755.8206 
1139.7376 
1012.0434 
4297.7281 
3267.8774 
1257.0437 
1114.3120 
3302.9525 
1355.4676 
807.1453 
1428.8030 
1620.2402 
1994.4896 
2585.3855 
2131.1818 
3154.7870 
1375.7465 
1813.8590 
1005.9889 
2080.5111 
2547.5760 
2201.9909 
1232.8435 
1233.2607 
1439.3578 
1325.6476 
1356.5316 
4916.0584 
2092.0231 
2215.8056 
578.9743 
1439.2132 
877.9300 
4054.6762 
1147.9288 
3982.2581 
902.5901 
1962.2610 
1795.6853 
1048.3644 
879.5583 
3592.6575 
901.5439 
1333.2120 
1288.7457 
1295.0522 
1699.0974 
4902.4099 
1951.9903 
1071.9332 
922.5062 
984.4995 
959.9571 
1944.1652 
2665.5461 
719.5729 
980.1378 
3776.0863 
1399.4188 
1426.0865 
1223.8783 
1896.8538 
776.4977 
2536.5946 
933.4903 
2759.9902 
4892.5357 
2583.9789 
1659.3471 
4362.1960 
706.9429 
1728.8022 
1722.6372 
2637.5319 
965.3909 
976.1137 
1336.2601 
3688.6399 
980.5312 
1440.3299 
1206.8031 
4270.5591 
6295.4911 
727.7852 
1052.1968 
3801.9478 
1975.9612 
1215.6868 
1777.6694 
1283.3694 
1370.4978 
889.2208 
935.7295 
978.3621 
3876.8032 
704.8573 
1526.1921 
1717.4054 
934.2879 
1189.5924 
832.2557 
1443.7857 
2168.5266 
1467.3124 
604.4136 
1572.3168 
1503.5775 
856.2985 
1914.1999 
704.1795 
1109.7597 
1311.8638 
1549.3219 
1269.2397 
1699.6365 
704.9987 
653.0920 
1347.8447 
2271.0526 
1675.0154 
1070.7311 
1227.7396 
1090.0750 
1621.1977 
1588.7252 
487.8583 
2422.6136 
673.5351 
1450.4141 
1493.6631 
792.7587 
1462.0037 
983.1411 
2025.2093 
1848.2376 
2609.2693 
1145.2583 
1449.5248 
1261.1585 
1210.9406 
1718.6225 
1262.8606 
1476.2305 
1429.5154 
1939.7981 
1906.5082 
1464.1625 
1229.2551 
1071.6146 
749.8998 
1217.0088 
1260.8060 
1150.1371 
1070.1989 
960.9362 
1438.4627 
1253.9633 
819.0855 
998.4311 
886.3627 
1334.6264 
1588.3619 
638.9471 
1702.1524 
2682.1637 
1665.6646 
1411.4188 
583.3473 
1238.0106 
636.4143 
1176.9646 
571.6362 
560.6331 
883.6009 
2189.5548 
1279.2336 
1168.7593 
996.0727 
863.3693 
1661.1305 
1071.8354 
864.7839 
1257.3092 
616.4916 
903.5705 
760.4237 
796.0342 
1415.6823 
1997.7648 
1662.4628 
2324.4132 
1427.0321 
1506.7555 
1193.5132 
908.2943 
1544.8412 
1114.3188 
1478.7461 
698.4499 
1425.5741 
952.5662 
720.7178 
633.6038 
1665.8089 
1986.3706 
3453.6520 
4149.2175 
1042.4200 
3220.1689 
2356.1105 
1112.9500 
1294.1418 
1414.9948 
1594.2762 
2577.2600 
1256.2587 
2103.6790 
1397.0507 
631.0591 
1335.5599 
1051.8320 
2032.8642 
899.1543 
1033.9155 
1262.0134 
1131.9415 
907.7202 
1899.1986 
1031.0745 
2197.1106 
1315.8260 
859.7999 
980.8761 
1229.5765 
1571.1145 
1659.0361 
558.0013 
1753.7478 
986.5348 
3558.5687 
2399.3707 
1409.9550 
808.1331 
1367.7861 
844.9236 
1305.3073 
308.0941 
13115.4711 
1341.4642 
1080.9012 
1098.4181 
1589.7308 
2125.1389 
839.0659 
831.7345 
1845.0234 
656.4570 
1084.3628 
2121.0622 
1593.7868 
777.7726 
2770.0088 
1374.9639 
1740.1322 
1194.3064 
4102.2838 
668.4777 
2696.0184 
1224.0237 
1499.1380 
840.2794 
783.7939 
1183.2556 
1127.2345 
2570.1030 
873.6642 
539.8400 
1133.0063 
817.6303 
463.0159 
8222.5679 
868.9264 
730.8290 
1962.4093 
2405.9791 
6662.3026 
2130.5314 
956.5415 
1443.6514 
962.9209 
1335.8277 
1729.3026 
799.3923 
1719.5225 
1413.4365 
4646.6019 
3677.8976 
658.1443 
1163.8667 
1067.4451 
4371.2037 
1509.5352 
766.5708 
951.0648 
733.6877 
2723.8533 
802.7853 
1136.8190 
1117.5194 
658.5497 
2929.8841 
2894.2547 
1581.6931 
3636.1929 
1045.8525 
1871.6678 
2275.0644 
1198.9875 
3462.7227 
3004.7352 
3826.6037 
1463.7207 
1200.4631 
1908.2435 
1748.0811 
1456.8391 
2601.5500 
566.6982 
1245.1111 
1453.7246 
2239.1383 
2362.9546 
1175.3271 
