7717.1813 
3584.8905 
3017.6031 
3958.5700 
3827.5344 
2741.7059 
1334.1743 
7262.8958 
3061.2955 
2188.4492 
1133.6461 
6281.7834 
5811.7916 
1577.5489 
3486.0830 
1804.1680 
5127.2220 
8051.1177 
7392.2596 
4309.5406 
1468.8538 
1729.7406 
1599.8150 
2242.5553 
8140.9568 
7803.6357 
3057.7536 
3543.9778 
2042.6932 
4684.4599 
2732.2560 
4491.7465 
2652.7509 
2903.3614 
2940.7818 
1757.9309 
4765.4235 
2403.4541 
4082.9219 
3228.7802 
2481.7351 
3833.3847 
2468.1682 
8958.4873 
4366.3414 
3356.6866 
5034.6993 
2400.3146 
2215.8809 
6337.7035 
4750.9832 
5009.1822 
3325.4255 
2779.2158 
2973.6531 
8165.1126 
3383.9512 
4101.9070 
3520.1227 
2637.0187 
4033.9692 
12163.7219 
8457.0204 
2976.7639 
4572.3410 
3832.4324 
4145.6287 
2955.7353 
2936.3176 
4683.2243 
3467.0933 
2597.5368 
3099.1175 
7720.8455 
1647.8935 
1121.5332 
3210.4971 
2786.4614 
1040.8738 
3231.6020 
2082.8506 
2582.5166 
1896.8098 
2226.9090 
2107.7950 
2004.7945 
1569.7685 
3660.5281 
2210.7171 
3021.1996 
2101.4436 
4341.1156 
2646.6759 
3392.9473 
2185.3265 
6208.7641 
2351.0542 
2344.1522 
2022.4927 
1856.9181 
1379.5394 
1572.8436 
1843.1420 
2348.7486 
1623.2198 
761.2937 
2239.0069 
1447.5706 
1381.2944 
4396.5601 
1741.1737 
1779.2359 
1447.2037 
1167.1395 
985.0640 
909.7521 
1132.4436 
779.3896 
1057.6729 
1506.4116 
1009.7568 
879.9963 
1802.3844 
1045.6684 
3145.7023 
996.2718 
1436.8438 
667.2322 
2600.7591 
2679.1706 
6526.3997 
3071.0893 
2454.0267 
1509.8595 
3310.5539 
2792.6376 
4064.3490 
1263.2405 
3805.7372 
2587.6659 
2640.4079 
2898.6472 
2486.4006 
1839.1878 
2686.2139 
3637.5038 
3912.4440 
2165.6548 
1929.9563 
1579.9822 
2389.9750 
2130.1937 
1893.2167 
1601.6978 
3059.8531 
1343.1635 
2587.1316 
2099.2553 
4029.7611 
3619.9641 
2671.3596 
1956.6326 
1224.3497 
2041.5187 
1550.9853 
1670.2824 
1565.2974 
3082.3720 
2082.3045 
3460.9341 
2490.1134 
1719.7039 
3215.5584 
1508.1875 
1840.2048 
1686.8426 
1586.9812 
6141.9032 
4972.1718 
2682.8716 
2669.2404 
7360.2981 
2588.7623 
4553.7494 
5228.7998 
2320.0263 
4196.7813 
3694.8305 
3530.3547 
1816.7354 
3667.5662 
12127.5270 
3294.7404 
5321.6237 
5141.2053 
3926.2529 
4264.8530 
3180.9438 
5235.2741 
3679.8051 
4741.4215 
1966.9023 
4085.9261 
4588.9052 
2133.7570 
5139.5056 
5432.3048 
3455.0752 
6496.7762 
4716.1460 
3011.7472 
7267.8357 
5425.2222 
5952.5322 
3932.6308 
3137.3572 
4157.7175 
7730.1001 
3747.3005 
2915.6306 
3071.5253 
4863.9098 
3669.2826 
2965.2166 
5376.2211 
2838.0590 
3374.7965 
3125.4236 
3595.9005 
3739.7588 
3733.4461 
3240.2639 
2913.7351 
3724.2153 
8832.0435 
4948.7449 
3765.7705 
4332.2202 
4561.8611 
3201.4571 
10458.4942 
3656.5941 
4308.3462 
4675.6556 
5881.3852 
6207.8217 
4826.5545 
4876.1654 
6610.0071 
2382.3902 
4299.3685 
3543.0304 
4855.3674 
3862.0515 
5032.8931 
2563.3323 
5068.4602 
6630.2037 
3626.4710 
2873.6566 
2358.9533 
4527.7617 
4442.8711 
4706.0177 
4593.2548 
5276.4955 
3272.8456 
3343.0639 
4223.7970 
5399.3384 
2867.0958 
2360.2414 
5246.8682 
4126.2590 
4141.0942 
4703.2268 
3899.0010 
861.1460 
1375.5643 
754.8536 
1910.5631 
1053.5976 
775.4182 
1266.2752 
1416.7854 
1286.7941 
955.3815 
1054.0981 
1495.2809 
965.9750 
1086.8159 
1389.5008 
957.5212 
1158.7061 
892.6965 
1225.5501 
2765.1591 
1922.1046 
800.3601 
986.6602 
1192.4533 
1227.1692 
811.3302 
2914.6075 
866.3273 
2138.9774 
1133.9082 
3411.8316 
1590.6031 
1086.3615 
1439.8861 
994.8977 
1326.3206 
1240.1896 
1096.9860 
1216.8687 
1184.7526 
1256.9596 
3086.2266 
1587.7660 
7001.0739 
4383.7504 
2298.4490 
2266.9248 
5085.3805 
4077.1279 
1033.9320 
1703.0951 
2925.5912 
3563.3460 
4408.0509 
4849.6292 
1938.5434 
2897.2850 
1371.7266 
1677.4244 
1284.6771 
2742.2511 
828.0741 
333.3172 
484.8774 
1156.5756 
923.7451 
157.2856 
896.2397 
44.1333 
296.5506 
595.5283 
325.2505 
383.6177 
38.2686 
256.2283 
98.3140 
432.4607 
306.8546 
-1.0000 
402.1274 
106.8210 
478.3759 
-1.0000 
325.0973 
84.6750 
389.9344 
760.8326 
471.7917 
75.2428 
2968.4848 
2774.3243 
2190.5872 
2453.2742 
2394.2712 
3393.4238 
1330.3612 
1749.4853 
2185.3088 
4219.1887 
2681.5556 
1417.0228 
3207.3645 
2693.8936 
1727.1410 
1755.8744 
2545.1515 
3395.7979 
3778.5537 
2013.9240 
2804.4943 
1048.9235 
3471.3470 
3426.2772 
1916.3985 
1224.6672 
2735.7784 
1747.2898 
4265.9647 
1575.4813 
1633.2167 
2570.5107 
5836.5040 
3030.2140 
1340.6700 
1498.5434 
3445.3744 
1161.8792 
1505.2822 
2655.4969 
2417.2208 
1218.0843 
2018.1090 
1158.9077 
1984.8554 
2418.6826 
2215.8321 
1981.9831 
1545.0517 
1883.3185 
1856.1890 
1825.0083 
2030.9228 
3145.5599 
2311.5830 
1406.8829 
2446.1311 
3387.5472 
2355.3422 
2540.8735 
1346.1663 
1886.4575 
2554.2885 
1518.6215 
1768.5627 
2812.6688 
2656.9659 
1322.7683 
2407.3568 
2140.3742 
3817.9645 
998.6152 
1640.6741 
2411.4487 
2078.0364 
2721.1112 
2132.5342 
1776.4875 
1917.5696 
2177.3882 
1910.5535 
1352.4812 
3182.2806 
1222.1143 
1258.4422 
1348.3720 
3181.8701 
1190.0250 
1371.1764 
2000.2870 
1480.2632 
1617.4618 
1465.5320 
2494.6401 
1575.5116 
2243.3279 
3472.8909 
2417.8591 
1914.2759 
2170.3407 
2374.0267 
2930.2774 
1186.3610 
1341.9606 
757.6025 
2230.6297 
1912.9429 
2269.2685 
1737.1225 
1458.5267 
1464.2212 
1870.4779 
2028.1862 
2411.6870 
1578.5219 
2752.9819 
1693.7318 
2835.6163 
4092.4433 
2576.7427 
1636.3532 
2126.5764 
957.3597 
1714.6750 
1511.5071 
3355.6427 
1682.1952 
1968.9727 
2033.2030 
1915.3343 
1127.0129 
1500.4548 
1275.9797 
3340.1176 
1805.3377 
1421.5014 
1625.7783 
1788.2497 
1361.4522 
2214.0818 
2446.7185 
2127.6390 
2039.4468 
2510.8767 
1859.2720 
2183.9674 
1326.2173 
1791.4735 
1923.4565 
956.6784 
2646.4655 
2115.6099 
1263.1106 
1871.3449 
2130.2986 
3556.7021 
2774.1686 
3156.2946 
920.9808 
3458.0575 
2165.5969 
1257.6434 
1809.9937 
966.5267 
2781.8154 
3015.6057 
4287.3939 
3576.6714 
1270.6728 
1887.3536 
1661.8868 
1376.5072 
1385.1721 
2208.3959 
1423.9194 
1579.2454 
2326.8364 
1120.8910 
2455.7063 
692.4464 
1344.5569 
1150.8184 
1521.4562 
1444.1103 
900.7190 
2051.6133 
1249.1403 
1069.8913 
1892.8784 
1610.8072 
2082.0231 
2645.0503 
2693.6656 
1326.0846 
2174.9080 
1122.7226 
2167.0190 
32.4390 
9708.3442 
1413.0215 
2822.2338 
1454.0327 
1948.7320 
2451.3482 
2237.1058 
1527.6940 
3453.5586 
1347.2507 
1441.2284 
1941.3638 
1504.5589 
1794.9246 
1705.0304 
1472.4029 
1517.5999 
1273.3802 
6331.0201 
1036.3352 
2010.7378 
1383.4858 
746.9736 
987.7497 
2112.3305 
1704.3352 
1570.6163 
3251.1954 
1036.3416 
1034.9007 
1641.5362 
2718.3143 
1623.8134 
6568.9442 
2835.7029 
1684.4566 
1484.3479 
4769.8469 
3665.2366 
2975.7699 
1962.3892 
2188.4684 
2044.1823 
2286.6959 
3212.6131 
1215.7963 
1427.2034 
2864.7624 
2492.5451 
2131.4284 
1386.1446 
1598.5740 
2347.6040 
4322.9805 
3494.7024 
3897.6124 
3596.1321 
2222.8188 
2111.9849 
1147.1486 
2441.7082 
4642.2130 
2184.1152 
2356.1645 
2672.9428 
1776.3585 
1972.4601 
4189.1535 
1939.6652 
2291.6125 
1930.8271 
2579.4233 
2508.9446 
2143.2169 
2550.8446 
1877.8847 
2510.8891 
1389.6671 
1855.9016 
2772.9366 
1207.8571 
1914.8729 
4373.9220 
1715.8545 
1947.3480 
1467.6690 
