6343.7629 
5314.4385 
3260.6487 
4409.9197 
5393.5032 
3399.5454 
2795.0894 
3333.7850 
2585.3786 
3532.7723 
948.8432 
12469.2180 
2980.6500 
4345.8818 
4227.8621 
1680.5427 
3750.9191 
9952.6831 
9985.6784 
3910.1563 
3011.8270 
3104.6070 
2547.2810 
1865.9202 
7721.4553 
7719.7645 
2694.5989 
1563.0257 
2868.8338 
6101.8081 
4321.6437 
8438.8308 
3453.7942 
3287.2774 
2751.7449 
2287.1417 
7279.5260 
2160.9965 
5755.3384 
6616.0668 
3487.0787 
4377.7770 
3355.2395 
9746.3704 
4560.7323 
2207.0487 
9913.0518 
2562.6216 
2175.7869 
5934.2847 
10300.7155 
3198.7986 
5350.8121 
5324.3501 
3444.9260 
10929.9095 
3830.3937 
5260.4643 
3613.3523 
4001.8426 
3187.6360 
13329.0510 
8888.5723 
3583.9468 
4239.2530 
3911.7943 
3086.8158 
3773.4521 
3272.6826 
8961.6204 
5558.1169 
2738.9860 
3358.1745 
3406.7689 
3877.4462 
1618.3887 
2698.5429 
2195.6229 
1888.8622 
6930.8193 
2865.0030 
3241.5173 
2648.6332 
1590.4120 
3814.6611 
1464.5828 
2282.0542 
1627.6863 
4389.3698 
2840.8075 
3122.6342 
4011.4409 
1766.9429 
4040.9970 
2634.3049 
6463.8150 
2186.9854 
4009.8682 
1503.8549 
2289.1484 
1963.8911 
2121.5344 
1778.9999 
2115.0906 
3154.0715 
728.7045 
1817.2134 
2413.4748 
1153.9979 
3335.5096 
2013.0260 
1242.8457 
1856.8137 
714.4315 
790.1211 
889.4458 
1987.5470 
533.0521 
802.0363 
447.6843 
577.6699 
523.3714 
866.9350 
551.5307 
1499.6609 
504.9435 
854.8357 
811.9667 
1781.9672 
2190.8122 
3150.3622 
2756.2977 
2187.2706 
2905.8353 
5945.1663 
3711.2696 
6041.7412 
2367.2898 
2813.8944 
1691.8317 
1927.7593 
3225.0823 
2314.0307 
1696.1320 
1875.9059 
2005.9098 
2724.3104 
1478.4137 
2736.2446 
2271.3005 
4885.0474 
1257.4638 
2113.4910 
2155.4597 
2929.4444 
3543.4759 
2867.4066 
3764.4809 
2727.3625 
2425.3532 
3371.9928 
1864.0558 
1489.5208 
2490.7565 
1067.3149 
1881.0793 
3146.1901 
4416.9939 
3950.9712 
1911.4319 
1303.8666 
1124.7473 
4702.8802 
2459.3795 
2271.6599 
1983.5941 
1747.7858 
6750.2366 
8169.2139 
1256.4696 
2077.7964 
8768.0009 
1864.9242 
2763.6635 
8194.3422 
3620.8404 
6800.4565 
2324.9173 
2702.8220 
1572.7580 
2441.5747 
14089.6748 
2956.6965 
3932.1505 
4516.6637 
3709.2838 
1930.1224 
4353.7792 
5580.8933 
4136.6574 
3902.1779 
3163.7306 
3726.8475 
3943.0437 
2396.6622 
3765.5998 
5519.1937 
2457.1833 
4016.6476 
5250.9244 
2868.3341 
4238.1744 
3998.6925 
7243.2896 
3479.5046 
5139.9532 
4039.0220 
11728.7335 
4069.9047 
6507.5068 
1798.2207 
5621.6529 
4066.2981 
3056.6428 
3207.7215 
6505.8983 
3845.2344 
3007.8274 
6845.6113 
5110.4447 
5577.6477 
4447.9614 
3507.6108 
3195.2328 
6683.3231 
5024.6342 
3697.5278 
2946.7562 
5701.3135 
2392.9923 
8125.6162 
3082.2274 
3822.7418 
3769.8358 
3509.3856 
7562.9224 
2964.5865 
3980.5011 
5420.7973 
2531.4768 
3201.2109 
2468.3376 
3979.5103 
3983.2463 
3668.4125 
1588.2384 
9731.8617 
6500.0392 
3803.9001 
2744.4653 
2860.7522 
4144.0785 
6125.5459 
5338.7184 
5068.6369 
8197.2795 
1984.8136 
6952.2702 
3160.8731 
3099.5159 
1629.7881 
3683.5597 
4763.2030 
4484.0265 
4489.6670 
4005.2543 
2955.8235 
566.7489 
703.7482 
509.6213 
1086.3944 
828.1800 
546.6171 
676.1262 
649.4246 
801.7550 
765.8080 
702.3723 
1043.3665 
683.2258 
623.9897 
767.8796 
1210.0166 
1428.9306 
918.5977 
936.5992 
2391.1083 
1695.7384 
509.2861 
891.6407 
847.8391 
797.9289 
532.9092 
3334.4553 
1276.6918 
1431.4614 
961.6869 
2227.6501 
2089.8289 
826.7774 
878.8082 
1505.4287 
750.7662 
546.8266 
1496.8814 
367.0948 
516.5172 
2014.9576 
5438.4645 
1744.2474 
9274.1158 
6768.8630 
4058.9791 
2838.4432 
4475.2248 
3893.4448 
1727.5397 
4008.4447 
4899.7996 
4790.6291 
2226.2509 
5468.2868 
5052.7129 
2320.1813 
2224.6052 
3665.2136 
3020.4681 
3253.1217 
362.8710 
262.1491 
262.7513 
399.1021 
305.2901 
162.1148 
1293.5306 
198.6699 
377.8700 
285.2560 
335.9505 
333.8390 
146.1213 
164.8358 
213.6527 
108.1187 
366.9796 
104.9824 
355.6174 
232.9621 
245.4299 
52.9826 
244.3172 
317.6711 
279.5026 
302.7892 
253.5853 
121.8058 
2241.6511 
2324.2136 
1283.0299 
2254.6868 
1965.0707 
2865.6948 
2789.5534 
2575.1475 
5601.7289 
2223.6479 
2774.5225 
1953.0906 
2380.2743 
1692.7832 
2688.8371 
2539.3401 
3050.9410 
5252.8584 
6642.8066 
2156.3463 
4779.0111 
2343.1702 
3746.3813 
1588.7172 
1789.2975 
962.3505 
1555.5794 
1447.0592 
4372.0017 
1491.3170 
3209.4052 
1424.3844 
5866.4643 
5537.3855 
1099.7992 
1923.3264 
2882.5963 
1476.7152 
1371.6470 
1515.7755 
2788.0040 
1132.7397 
1785.8401 
1070.7425 
1967.5648 
1688.9833 
1363.0779 
1242.3170 
1759.4565 
2075.5862 
2458.5672 
1077.4865 
1217.9660 
3435.3856 
4530.4782 
936.8883 
1571.0852 
1835.8087 
1457.5512 
2048.2897 
557.0746 
1205.8600 
1897.5010 
1909.6137 
2213.8222 
2043.3364 
2877.4872 
1339.7121 
2143.3045 
4288.5888 
1875.2929 
1148.5941 
986.8656 
1945.1958 
2272.8035 
1316.1774 
1023.6374 
2485.6893 
1309.9334 
2224.7468 
1670.3187 
1480.3444 
1946.2471 
1183.1551 
1438.7913 
1391.9965 
2081.5352 
2608.5062 
1768.3111 
756.4574 
1519.4793 
1854.1619 
1930.8228 
1948.3604 
1007.4738 
2009.3607 
2730.5168 
2781.8851 
2302.7238 
1275.6115 
1101.9824 
1580.9856 
1756.3693 
973.3029 
1050.0347 
1409.1454 
1837.9914 
2563.6405 
905.1102 
2031.0337 
1339.3067 
2717.9752 
1017.1452 
3116.6028 
2158.7487 
1657.4047 
1374.4572 
1486.6019 
1623.8759 
1563.5423 
1438.2448 
825.3197 
869.2289 
716.2162 
1103.9520 
1542.7458 
2934.0553 
2197.3467 
1860.8878 
3151.6685 
1550.2855 
1255.8698 
1888.9737 
1991.8672 
703.2020 
1260.7442 
1003.8055 
1146.0911 
1808.5546 
1735.7881 
969.6043 
2762.5069 
2500.7568 
1693.8883 
2021.2511 
1188.5596 
1140.1040 
1253.8817 
1326.2544 
1098.9312 
2118.2218 
1441.9996 
1384.2319 
1636.1783 
1982.9489 
1308.5924 
4908.4426 
3028.8539 
1464.5862 
2331.1851 
2756.0529 
1330.1034 
2665.0138 
2023.1751 
4816.5348 
2860.4414 
2813.1908 
2132.7803 
659.0465 
1408.9087 
706.0202 
1453.4449 
1205.3105 
890.7567 
820.9540 
1405.2649 
1559.7520 
632.9054 
2121.1764 
798.1447 
2227.2566 
780.9808 
1111.6203 
1532.4070 
785.0335 
1132.9212 
1369.5006 
1298.9555 
1719.8747 
3045.5390 
1617.6559 
2270.3982 
1816.0095 
1018.0860 
1519.8523 
822.0561 
1070.5121 
94.9639 
9118.0868 
1094.8198 
2581.3870 
1539.2775 
1839.3988 
1323.6242 
1003.4377 
1208.2731 
2079.6467 
826.9044 
1368.3372 
3151.5578 
614.3684 
2184.2319 
1850.2931 
1969.7664 
1609.3328 
1704.9641 
6872.8835 
2730.6958 
2050.6495 
1147.7825 
842.1487 
985.9217 
2264.5162 
1541.8455 
1057.6367 
2133.9665 
2696.2060 
853.8634 
2226.3128 
3182.2954 
1694.5177 
7995.8930 
3509.4832 
1594.1898 
2135.9865 
4679.9028 
7856.3974 
1801.8020 
3417.4114 
3366.9382 
2369.6564 
1440.1357 
2208.4111 
826.0747 
1506.6138 
883.4731 
5432.9666 
4613.0030 
1761.4825 
2240.6575 
1955.2510 
7098.8299 
5323.7948 
2384.7890 
3173.6405 
1754.8208 
4680.0883 
2042.0404 
2358.7967 
6682.9954 
3090.9779 
6881.9537 
1976.0930 
2824.4446 
4324.6363 
5484.1705 
2846.6031 
4809.4853 
2084.6594 
2592.8656 
4229.5744 
7278.2484 
4249.2919 
1821.6398 
1672.2435 
4591.3743 
3686.0150 
3343.6679 
2083.3330 
1748.4324 
3401.3038 
4054.8090 
2272.1046 
3820.6907 
