8668.5832 
3512.6462 
2461.8275 
4843.3699 
5630.2690 
2346.5788 
2248.4260 
4989.6679 
2263.5761 
4113.3098 
503.1765 
11812.1018 
2871.5950 
4604.6722 
2215.2909 
2370.5284 
7385.3251 
5701.2439 
11362.4580 
1862.1559 
3180.1941 
1873.1171 
3363.4561 
2785.7121 
9311.5364 
7540.8912 
2868.3428 
1967.2350 
2282.6287 
6851.5260 
5525.8074 
8072.4893 
3834.8348 
3428.0394 
2520.8014 
1537.8211 
4070.6116 
3140.8435 
5957.5803 
6383.2946 
3470.5689 
5548.8766 
2929.4686 
9268.6726 
3182.9098 
2461.5664 
8024.5490 
2907.9283 
1279.4652 
9033.6200 
6960.4016 
3567.6394 
5627.4277 
3075.6988 
3183.0608 
8589.0362 
3828.9180 
7786.8612 
3711.0745 
3564.1382 
1664.5600 
14971.4160 
11998.6865 
2427.3297 
3307.7988 
4504.6754 
4751.1203 
7110.9339 
5643.3802 
6769.9402 
3791.0737 
3019.3269 
2275.4561 
9229.3066 
2501.7310 
839.6309 
1787.9060 
2193.6139 
1062.3440 
3789.5114 
2426.4710 
3952.5103 
1433.3383 
2754.7960 
2486.4467 
1608.0730 
1207.7022 
1265.2428 
3204.5088 
2887.2048 
2162.1526 
8894.6898 
3054.0221 
1512.5248 
1771.9565 
9105.9795 
5021.1870 
3515.5907 
878.5832 
1976.9376 
1298.0726 
1197.5984 
1787.1467 
1218.2549 
3265.4094 
584.6984 
1598.0642 
2221.5622 
643.6973 
5517.9207 
1568.3947 
958.7584 
1969.0505 
1074.0283 
1962.1032 
922.6983 
1691.9711 
837.5977 
1009.0919 
1073.2379 
748.6105 
1022.0023 
1092.4219 
702.7312 
2651.0021 
550.5773 
808.6460 
769.6197 
1934.8906 
2003.8416 
3699.3291 
3361.0852 
3155.9077 
1480.6372 
5171.5634 
2048.8237 
3982.6656 
2026.7803 
2804.7974 
2071.8489 
1905.6476 
3481.6478 
2443.8951 
1060.3398 
1606.8581 
3209.1178 
4063.6854 
2103.7915 
2439.5395 
1464.0963 
4508.3514 
919.7953 
1160.7315 
1453.7926 
1672.9495 
1148.6999 
2580.6518 
1842.6935 
2647.3926 
1726.6973 
3193.0732 
1831.2750 
1563.2577 
2917.3037 
2047.8605 
1701.7729 
3213.4154 
3251.0999 
2640.5897 
1951.2273 
1776.2225 
1166.9994 
2686.6473 
2076.1933 
1862.9355 
1033.8008 
1419.3173 
5793.4001 
6120.5055 
1604.6449 
917.7819 
9745.0368 
1821.7599 
2713.5802 
9140.4603 
2130.6478 
7698.4076 
4199.8913 
2636.2766 
2999.4546 
1813.5186 
9252.9393 
2336.6354 
7669.9157 
7524.6382 
1457.7542 
3287.0583 
1837.1005 
4458.7446 
3196.0477 
2968.4457 
4909.5380 
5194.4848 
6988.5974 
3318.6857 
1936.4957 
3927.4197 
2405.1764 
7350.2345 
3663.5389 
2868.3497 
4336.0998 
2571.5765 
4240.0831 
2619.2115 
2348.0051 
5017.1460 
5668.7327 
2415.7381 
3403.1599 
3317.6324 
3510.2688 
2701.7589 
5264.8738 
4025.5915 
4918.1208 
3595.2478 
3771.9036 
3310.4686 
2235.5146 
5052.6715 
4545.3723 
1923.4806 
3781.7516 
7877.2360 
5576.9611 
4477.1593 
7436.0282 
4104.7703 
2579.5437 
8298.5965 
2974.3815 
2871.3698 
2309.4135 
5789.3519 
7601.2988 
1975.2964 
3470.3951 
3519.7934 
4114.7152 
2816.2097 
3676.3645 
4180.2790 
4690.1384 
3472.6336 
1402.6857 
9110.1599 
7653.8025 
3387.7374 
3815.1256 
2468.3658 
2777.0067 
4536.1088 
2900.7272 
4742.3321 
2962.7018 
2272.3434 
4618.1338 
3977.6823 
2959.4160 
1212.9604 
2237.0195 
3718.1043 
4245.7700 
4347.5989 
3368.6502 
3339.8616 
989.8776 
808.1940 
746.9662 
811.2736 
820.7766 
388.5382 
578.4886 
2004.0482 
375.0123 
455.1594 
660.7024 
494.6992 
830.6963 
1385.2867 
618.0184 
1042.4496 
1521.5629 
1392.7410 
958.1126 
1797.4448 
533.4763 
742.8807 
600.4600 
746.7509 
1581.0348 
950.9777 
5354.9342 
519.9386 
1563.3730 
557.5196 
3884.8236 
1353.1805 
679.5274 
754.5491 
572.8178 
1547.8715 
589.2726 
1486.8252 
576.1794 
626.9054 
1986.5310 
2239.9973 
1443.4609 
9779.9363 
6865.5251 
3314.2830 
2762.6900 
5034.3048 
3629.6269 
1260.2577 
2448.1388 
2155.7933 
2614.0183 
3471.8910 
4704.8030 
4003.3929 
1867.9981 
3659.3522 
2656.9839 
2088.3222 
3021.9815 
245.7619 
-1.0000 
10.0702 
13.3366 
-1.0000 
-1.0000 
-1.0000 
-1.0000 
-1.0000 
127.6227 
-1.0000 
131.6064 
-1.0000 
-1.0000 
-1.0000 
-1.0000 
-1.0000 
-1.0000 
77.0257 
-1.0000 
-1.0000 
-1.0000 
-1.0000 
-1.0000 
61.6869 
-1.0000 
-1.0000 
-1.0000 
2361.7696 
4192.4256 
1197.0419 
670.5053 
2879.6603 
3371.5361 
1415.9551 
1894.4347 
4372.3725 
782.0303 
4594.7856 
1232.0893 
3386.1402 
2290.9367 
1632.4708 
1233.9263 
2122.5324 
4474.4793 
5000.0466 
3026.1309 
2090.6352 
914.2796 
2500.9789 
1558.8863 
1700.7433 
856.4831 
1106.8052 
877.5682 
4963.1233 
1353.0998 
919.9172 
2186.2993 
4286.2797 
2795.3752 
939.0074 
1680.3120 
2841.9462 
922.5148 
630.1185 
1587.0863 
1395.5709 
917.3954 
1327.7015 
1319.9254 
812.5396 
1485.2093 
2871.1780 
2235.5985 
1712.8897 
1940.4082 
1614.4435 
1877.9799 
1301.9271 
2047.8850 
1729.9693 
1275.2371 
660.0434 
1724.8149 
1001.0466 
2220.5057 
895.7896 
1298.6406 
900.9604 
1899.0285 
3036.7522 
2290.4151 
3511.5137 
617.3638 
1834.1367 
2905.5373 
1057.9705 
1003.7700 
1203.5297 
1914.2303 
1193.7633 
1588.1114 
436.7259 
1942.9236 
1660.2088 
1078.8828 
1185.3515 
690.3182 
2354.9004 
1259.1554 
1424.8232 
2166.8745 
1822.7981 
1223.8725 
813.1728 
725.5250 
1254.3611 
1098.2216 
763.2101 
1100.3537 
1161.2333 
1061.4525 
2615.4228 
1013.4092 
1415.4497 
805.5359 
741.5463 
813.7304 
702.7592 
945.0319 
997.4373 
685.4836 
1409.6842 
1300.2253 
2599.1020 
933.4043 
1414.2039 
1692.9126 
959.1993 
671.3109 
1804.8179 
1933.1646 
1546.1315 
1471.8604 
783.8904 
1799.1009 
961.6955 
437.9237 
600.2770 
635.7742 
1613.5839 
2611.9763 
1810.5009 
2667.9212 
2104.4466 
2238.8712 
1619.6612 
1007.2164 
930.4149 
3267.9899 
751.4382 
658.0534 
627.8020 
1298.0124 
1295.0341 
1027.1669 
1309.3285 
1693.8258 
3412.1881 
1793.1271 
2778.8376 
673.8629 
1012.9174 
1124.3634 
1656.9287 
1007.2715 
1169.7460 
1195.1625 
1171.8543 
767.1538 
2930.2057 
2518.6288 
2292.3048 
2832.2977 
1058.0561 
3134.0057 
1499.4595 
1722.4106 
1299.4246 
1228.3960 
2703.4762 
2449.9187 
2610.7302 
1063.4705 
741.8404 
1139.2482 
629.7907 
689.0506 
1883.1343 
910.7711 
1093.4828 
1075.9589 
1707.9974 
1216.5282 
2166.4253 
739.2627 
867.1435 
1068.8587 
637.4122 
679.8440 
693.2377 
2482.8035 
881.0094 
568.9553 
1794.2090 
753.6136 
1412.9475 
1659.7991 
1198.2982 
2012.0204 
1307.1989 
464.9122 
1811.9736 
14.5714 
6875.1884 
1411.4267 
4299.6054 
940.1626 
1871.4680 
1382.1720 
1046.4457 
916.4560 
2506.2558 
397.1748 
945.2349 
1504.0261 
905.5700 
1386.5480 
1994.0399 
717.8616 
774.4161 
540.3827 
4166.5197 
847.7587 
1238.5762 
1325.4071 
1205.5707 
664.0250 
1505.0828 
723.8683 
724.5288 
2585.2803 
861.1010 
464.3454 
1595.7299 
994.5500 
1060.2239 
10329.6608 
4772.1282 
1002.4035 
1459.6246 
2845.2044 
6909.4079 
1336.3560 
2824.1556 
1325.8131 
801.4964 
795.3078 
1564.4565 
1310.5931 
1520.3393 
1724.1070 
6453.5778 
2800.6444 
2184.7111 
1339.0743 
2175.2743 
2543.3049 
6140.0004 
967.6281 
5313.7914 
1406.1371 
5535.7736 
2242.6976 
2063.6009 
10030.1384 
1439.1687 
4991.8359 
1961.2910 
3545.1873 
3660.0040 
2491.3634 
2075.6414 
3695.7252 
3068.7668 
1854.9196 
4952.2483 
3704.1691 
2594.6430 
1600.0888 
1860.9015 
3534.7911 
2997.5560 
3231.9399 
1852.5020 
1531.8336 
2516.0997 
2906.3460 
1267.8056 
1118.7380 
