6882.8821 
2964.6829 
2713.6815 
2605.5092 
4234.1018 
3228.0432 
1850.8573 
5147.8575 
2389.5656 
2258.1864 
1459.9475 
3084.5566 
3743.3874 
3288.9964 
3619.1087 
2656.3211 
1438.9061 
4770.2228 
5826.1586 
4297.7157 
1415.8398 
2269.5580 
1589.3761 
2146.3176 
4126.8296 
7770.2497 
3305.8597 
2241.6208 
3514.0554 
3859.9963 
3798.2046 
2635.5603 
3130.0922 
1704.5357 
2420.2779 
3103.2471 
4025.1145 
1866.8768 
4605.7787 
3221.8531 
2415.6484 
2370.6715 
2200.3430 
3744.5303 
3612.5116 
3595.0056 
3723.7465 
1561.1352 
1907.3817 
4922.5679 
5089.6077 
4215.3116 
3840.1678 
2536.4333 
2318.8722 
11661.6886 
3116.7252 
5437.1480 
2722.7690 
4611.8698 
4260.3307 
12318.5917 
10932.6597 
3290.5395 
2722.9478 
4381.3699 
1983.7834 
2370.0069 
2970.2209 
5400.1411 
2187.3029 
2018.3420 
2280.6416 
7377.5346 
2831.1976 
856.3070 
3082.2348 
3151.8646 
1231.4321 
3151.0294 
2086.9744 
1666.3219 
2259.4996 
2410.9700 
1810.3379 
1396.8909 
1656.6249 
1659.7473 
1761.8031 
3310.1377 
901.4224 
5812.1081 
1524.4478 
2806.5334 
1280.7947 
3990.1595 
1454.6355 
2667.5912 
1105.5585 
1313.7569 
1155.0612 
1155.3971 
710.5597 
1730.4042 
2508.1763 
264.3096 
623.2457 
1979.1895 
657.6488 
3318.2601 
1091.8090 
3134.7015 
1668.7465 
723.8833 
768.1037 
642.5044 
1163.9964 
427.3575 
1422.9852 
822.3346 
794.6235 
405.3709 
667.3475 
674.3073 
1029.1065 
432.7762 
1648.2451 
503.3130 
1626.1947 
1823.7647 
2698.3121 
1944.6661 
2709.3152 
1854.3929 
4617.4147 
3288.8105 
3918.6605 
1818.0805 
1618.6504 
1806.7828 
1616.8124 
2598.4727 
2200.7440 
1344.2770 
2637.2242 
2736.4321 
2672.3072 
1814.2390 
3827.7531 
1936.8932 
2890.6323 
1299.8179 
2221.1321 
2187.5843 
3152.9132 
4128.7441 
2424.6144 
2401.3924 
2945.1939 
1794.8167 
2503.2172 
1279.8708 
1710.2914 
2267.8308 
1230.2961 
3132.8721 
1734.7199 
3709.9186 
2013.0490 
2082.5150 
1480.8167 
1688.4382 
2680.0235 
1507.5824 
1695.6004 
1322.7591 
1834.7416 
5603.3947 
6000.7764 
1865.3112 
2031.6447 
8429.2829 
2375.4664 
2797.4250 
7517.8498 
2168.3453 
4139.0482 
2560.3571 
4047.7964 
4099.9701 
1875.1236 
9098.6910 
2748.2814 
5176.0515 
6759.7699 
2246.0216 
1493.2149 
1253.5225 
7402.1823 
2166.8837 
4758.4382 
2172.3395 
2805.5605 
3034.6496 
3817.0238 
5320.7667 
2849.9294 
1966.3950 
3327.4370 
2574.5508 
3752.7120 
5916.8586 
1779.5680 
4693.0090 
2798.9868 
2592.3890 
3286.3585 
3876.2696 
1660.2728 
2735.1641 
2502.1477 
3412.8046 
4105.9201 
2708.4972 
7149.9383 
3792.9908 
3410.2422 
4099.0352 
1980.1523 
3199.7157 
4534.0036 
3263.8785 
1692.8044 
3076.6994 
2494.4254 
5206.0208 
2770.3564 
2972.8670 
4579.3846 
2791.0367 
5376.8057 
2719.9770 
3096.7748 
2580.1675 
5748.5512 
5891.5963 
1792.1302 
2906.2678 
2708.7185 
2857.0538 
4046.0823 
3002.5924 
2673.8848 
3854.9055 
1771.9166 
1586.3080 
2998.8657 
5373.5942 
3462.0592 
1757.7414 
1833.3367 
1771.2315 
2035.3097 
2908.1200 
4989.9832 
5551.7807 
2756.4724 
3620.8161 
2743.9791 
1250.9971 
2580.9341 
3080.9510 
1969.6845 
3307.9536 
3309.2977 
2539.2721 
3138.5439 
399.7056 
836.6484 
633.7168 
814.6055 
784.0494 
721.7679 
706.0979 
1531.4741 
674.3832 
505.0357 
1124.0843 
754.2350 
935.2636 
1100.3430 
415.4993 
949.4168 
1269.9192 
635.6229 
612.7065 
2246.1042 
1231.9432 
538.2955 
553.7090 
921.7786 
632.9419 
848.8744 
3722.9922 
579.0893 
1391.1198 
627.6854 
3809.8837 
1758.6046 
991.1311 
545.2979 
923.5093 
915.0101 
539.8970 
951.3751 
629.5696 
1049.3276 
1884.5164 
2434.0347 
2029.1721 
6603.2719 
7309.4704 
1974.4196 
3291.4870 
4391.4053 
2312.2726 
1923.9381 
4811.9157 
2441.4786 
5317.1253 
4107.6876 
2311.8526 
5762.6986 
2819.4448 
2115.1658 
1882.2785 
2448.6825 
3716.8961 
1218.4553 
378.0878 
1843.8964 
1005.0865 
1122.3598 
565.2988 
1642.7780 
1074.4120 
1904.9118 
752.4374 
349.5003 
634.4832 
1315.0228 
1039.7082 
3126.2717 
985.1723 
1247.0551 
342.2754 
846.7357 
703.9575 
5518.0949 
714.8450 
768.2917 
464.2315 
1199.1951 
1061.1052 
815.3536 
971.5637 
1841.3995 
2340.9006 
1266.7036 
643.4194 
2431.5485 
4621.1742 
767.6203 
749.5020 
2915.5134 
1359.0420 
1193.2860 
1562.1489 
2141.8249 
1899.1318 
1568.5722 
2047.5437 
1773.1318 
5006.0330 
3160.8478 
2455.1599 
3991.5467 
1342.4880 
3091.4876 
1995.3715 
1445.0781 
1061.7272 
1684.8245 
1494.0967 
3161.4957 
1146.1073 
1841.3640 
1840.6055 
3696.9834 
3307.9722 
882.8638 
1381.0886 
3005.4979 
1097.0566 
1545.7592 
1017.6219 
1382.9944 
681.7612 
1777.1102 
1418.5792 
1845.3111 
3836.9186 
1118.1993 
2158.1537 
1210.0757 
1089.2587 
1527.9978 
1256.0307 
1004.0062 
1720.5574 
2060.5082 
473.1270 
1341.2609 
1726.0026 
1592.0491 
1094.6103 
1195.6361 
1769.1512 
1426.4976 
531.8799 
1338.1522 
1355.1794 
809.1569 
1222.6437 
1626.7916 
1711.5629 
1789.5991 
1095.7088 
695.0749 
1388.4891 
1049.6234 
1953.9908 
1058.6669 
1769.5267 
1201.1575 
1980.4374 
832.4894 
1150.8496 
1192.3292 
910.1163 
1580.7089 
1113.8433 
2214.3849 
1138.6884 
1129.4043 
1149.8617 
906.9278 
1549.2200 
1251.5696 
1969.6508 
1370.7734 
1539.2661 
2555.6139 
1761.9025 
1781.9113 
1426.0637 
1209.4275 
1137.6883 
977.8986 
1834.6599 
1225.7808 
1025.0938 
1206.2469 
2120.0535 
1099.6985 
1997.1940 
1242.8618 
1768.5710 
2128.6320 
1215.2656 
2491.4550 
1952.1156 
1047.3157 
1870.5244 
3024.3781 
1330.7024 
925.2011 
1024.0686 
693.6224 
800.7317 
1364.3540 
2734.3981 
1194.9880 
1292.0780 
2136.3696 
1208.1879 
1339.8714 
954.1835 
590.8882 
1641.8482 
633.5904 
862.8141 
857.7346 
1039.2507 
1098.1512 
1775.3883 
1295.3992 
1545.2978 
2221.2874 
1482.0293 
1625.2777 
1299.4813 
1276.0030 
1091.0834 
1214.4158 
885.7994 
1840.1797 
1060.9411 
1011.8580 
1058.2290 
2795.5945 
1458.9382 
2807.3125 
3796.5061 
859.6441 
2705.7702 
2778.4744 
1221.5774 
2031.1800 
1876.6543 
3595.0951 
1730.5982 
1063.3940 
1738.0254 
1283.7171 
1217.9765 
864.6124 
792.0461 
791.3629 
1137.0342 
686.1821 
785.9552 
1346.9761 
1097.6536 
2116.7374 
1185.1546 
1955.2935 
1252.0387 
667.7310 
1248.0308 
872.3812 
1264.2882 
824.5306 
375.8574 
1288.7505 
1171.5987 
2412.6951 
2566.5373 
1085.3169 
779.8545 
1059.0707 
1047.3415 
1076.1677 
158.3713 
11737.7652 
1266.3420 
2480.8026 
977.5746 
1757.3260 
971.7120 
966.9987 
706.0576 
1670.3537 
308.0968 
646.0051 
2657.4773 
1805.0887 
835.6613 
3069.3441 
2210.8305 
1280.8483 
1279.2342 
4564.4565 
803.7160 
3313.8199 
1610.9521 
968.7797 
1201.4338 
960.5162 
1142.5291 
1003.7635 
2976.4651 
664.2438 
1090.8845 
1438.2335 
670.3720 
717.9664 
5594.2491 
2770.3551 
1227.5733 
1600.1832 
1143.6039 
10059.9666 
1730.2126 
1818.1762 
1196.2578 
1670.3473 
1545.8386 
1529.2896 
565.3286 
953.6475 
1334.4467 
7896.7943 
3968.2202 
1715.8389 
2479.2502 
2021.8621 
3287.3585 
2794.1625 
1742.3318 
4962.8691 
1856.4928 
6825.1478 
1224.5194 
2504.5487 
4615.9208 
1158.0231 
2967.0531 
3180.6775 
1915.9418 
3995.3983 
3238.7843 
2142.5214 
2634.7576 
2585.5450 
2279.5069 
3403.5522 
4059.6367 
1303.0812 
1468.8428 
1963.4321 
2368.4505 
4420.5054 
1954.4414 
1002.5484 
958.4717 
3664.8665 
4036.2640 
1941.4060 
1157.2519 
