5714.8498 
3452.4530 
1749.2503 
5061.0340 
4516.4777 
3443.2642 
1260.3340 
5413.7734 
1361.9808 
2767.7720 
685.3222 
13575.9184 
2350.9897 
3593.1010 
3386.9713 
1993.0059 
6522.7654 
8201.4105 
8804.4154 
3219.6867 
2625.5159 
1652.1324 
1925.9154 
2000.7913 
10489.1876 
8380.5411 
2446.6915 
1997.8679 
1371.7740 
3566.7384 
4949.4881 
8386.5461 
2065.4764 
2209.2547 
2541.6342 
1896.1020 
4047.9383 
2279.8975 
6705.4532 
5926.2971 
2642.2557 
5731.2191 
3295.4803 
7732.1112 
2146.6643 
2696.4021 
6819.4465 
2986.8875 
1554.7625 
7804.0851 
5023.1864 
2191.0009 
7706.0929 
3107.0679 
2330.1171 
8857.8809 
3983.7920 
6207.7024 
4171.4360 
3274.3302 
2101.5857 
12448.3560 
8696.1810 
1630.6535 
3017.3037 
4951.8174 
2310.5293 
6053.4914 
3176.2928 
8385.5298 
3302.5765 
2301.4214 
2882.7593 
12189.2273 
2203.3354 
949.6173 
2228.9617 
1843.7387 
944.9316 
3920.8191 
2027.7644 
2909.3568 
1474.1028 
2947.4288 
3111.5756 
1358.1540 
1633.6728 
1602.2920 
3218.7368 
2789.8719 
2906.3363 
8388.3085 
2569.5650 
1180.8393 
2201.3294 
9483.7872 
2362.2995 
2747.4507 
1090.9511 
1040.1858 
2376.8308 
1425.8757 
943.3959 
1070.3668 
2785.0434 
359.1671 
847.9145 
1956.3373 
741.5626 
5701.3400 
1864.5424 
1175.4609 
2063.8826 
908.5636 
1061.2074 
921.2415 
1199.6011 
845.1031 
739.0979 
748.1367 
630.8111 
727.0089 
1269.5203 
600.7165 
2671.0642 
336.5817 
760.0154 
581.6074 
1373.0754 
1413.6941 
5260.0048 
2226.0759 
2359.1436 
2353.8151 
6512.2703 
2389.5232 
3582.0254 
1787.0933 
3071.3703 
1031.9698 
2408.9630 
1802.6932 
2021.9510 
1437.4951 
1788.3936 
1936.2400 
3432.4210 
2551.3170 
2419.0307 
1474.4892 
3268.7543 
881.5058 
1267.7239 
1892.6837 
3586.6161 
1901.0711 
2083.0965 
1815.0174 
3222.5403 
1877.8534 
2868.2234 
1932.2671 
1368.7647 
3810.9785 
1776.0320 
2507.6359 
3532.6766 
4311.7003 
2434.4518 
2395.0992 
2264.8600 
974.4195 
3409.6567 
2407.2484 
1242.2509 
1034.0178 
976.5705 
4312.9264 
6773.5073 
1477.0473 
1454.5040 
7448.7849 
1469.6976 
2779.5829 
8629.7475 
2868.3191 
6392.0200 
3564.4536 
3056.7755 
2401.3771 
1588.7820 
7681.1378 
3726.6839 
4400.5374 
6379.2681 
3320.4954 
2727.3191 
5963.4081 
3850.2294 
2830.7572 
4323.6403 
6027.3574 
4490.6489 
5963.0398 
4856.3607 
3055.0041 
4001.6215 
2980.1366 
8081.6882 
3996.6784 
2465.5765 
5948.5667 
2628.1945 
8766.6988 
2932.5181 
3170.5484 
4451.4363 
8560.9680 
3817.0861 
8497.8924 
3451.8134 
5586.4313 
3586.7007 
4182.3553 
5353.7498 
5907.6755 
3938.1783 
3531.2148 
6422.5469 
4453.6685 
4782.3478 
2216.5132 
4563.6432 
3335.9945 
9509.2829 
6644.8044 
5174.6922 
6308.3212 
5132.8141 
2569.4686 
7722.4819 
5154.5701 
2902.8934 
2612.7813 
9082.2456 
8358.5675 
3788.3662 
5298.9234 
3223.8045 
5565.0075 
3592.0455 
4490.9197 
5713.6645 
4067.0030 
3144.4188 
2289.8711 
9735.3573 
7971.3874 
3179.4077 
3523.4162 
4032.0934 
4510.1195 
6752.3911 
3043.0348 
7884.5947 
4835.0497 
3759.5295 
4980.0396 
4345.1505 
3737.3892 
1851.2676 
2452.9476 
3853.3085 
4095.4443 
4142.6301 
4010.0649 
3492.0266 
785.5232 
1340.3832 
473.3671 
506.5374 
737.0913 
640.9623 
648.1935 
1658.8987 
550.1554 
750.9670 
680.7520 
719.2711 
426.1533 
1189.8574 
388.4589 
960.4000 
1112.7259 
677.5564 
631.0427 
2410.3862 
834.0938 
467.4922 
731.3187 
578.1132 
1141.1322 
690.4133 
3946.4485 
354.4545 
1691.5628 
617.8780 
4646.3235 
1111.5191 
782.4936 
542.5238 
749.7393 
2132.3354 
730.0484 
1875.1770 
383.0959 
553.4358 
1413.6084 
1386.0414 
1754.4525 
8790.2748 
4030.2947 
5057.0451 
2720.3187 
5003.8638 
2908.9145 
774.8842 
4294.9184 
2274.6855 
3322.1647 
6506.8571 
7430.6518 
3115.1234 
1457.6146 
3904.4391 
2672.2704 
2511.9115 
2690.3110 
731.3420 
887.7794 
270.4442 
851.8626 
1484.6289 
240.1873 
3494.4397 
166.9511 
298.8614 
608.6602 
572.1375 
489.0567 
189.0450 
171.5351 
450.0557 
516.9580 
275.8996 
24.9789 
502.4897 
474.2874 
328.2646 
152.4712 
381.6880 
557.8463 
1610.6715 
1002.5592 
1021.4867 
247.2053 
2344.2166 
3877.5494 
1898.7973 
1283.2502 
2381.6521 
2224.1472 
1296.2938 
2170.1411 
2643.2784 
1665.3285 
4073.6261 
1095.6936 
3043.1332 
2952.5591 
2671.1504 
1643.7468 
3593.9499 
5241.2878 
3920.5419 
2081.3620 
3289.6687 
1067.2721 
3167.1711 
1679.9668 
1763.1188 
875.0282 
917.2820 
1692.6330 
3158.2602 
1328.3842 
761.9444 
3382.6470 
4651.8222 
2797.4178 
943.9192 
1146.6062 
2064.6736 
1126.5277 
863.5445 
2058.8565 
1014.0567 
711.0689 
1662.1536 
1072.3450 
1261.3811 
2629.8039 
2138.9470 
1442.2887 
2043.2304 
2282.3185 
2723.4299 
2624.2736 
2495.2272 
2857.4315 
2380.3444 
1166.2186 
851.9828 
1169.5756 
1101.1999 
2942.4711 
655.3502 
878.1775 
856.1992 
1256.2631 
3315.5690 
1055.6192 
2993.6376 
793.7597 
1222.9053 
3128.6004 
1978.3706 
837.0382 
2656.4748 
936.2972 
1334.3055 
1184.0289 
403.8071 
1162.5700 
1672.9901 
1382.8839 
1530.1145 
705.6198 
1236.8874 
801.9519 
1132.3993 
1884.0421 
1470.6175 
1934.9568 
1256.8313 
694.4238 
1248.3002 
1280.7477 
1071.4057 
1561.5733 
975.7359 
1115.6737 
2051.4316 
991.2622 
995.0397 
783.9500 
621.2054 
648.8071 
899.5841 
1197.8316 
743.9451 
726.1047 
2376.6996 
2281.6893 
2604.8173 
1224.3034 
849.8064 
1208.5432 
995.4580 
1297.8510 
1496.0242 
1914.3885 
1309.2002 
1426.0920 
833.2429 
1108.7305 
950.8591 
753.4970 
476.0733 
1023.9087 
1581.9294 
3459.1401 
2314.5200 
2388.3602 
1960.7996 
1217.8818 
878.5191 
560.7005 
921.9194 
4059.6771 
693.8413 
1106.9989 
626.8940 
1021.9020 
912.4587 
900.0620 
1421.7770 
1365.1116 
3332.1743 
1461.2739 
1754.7053 
653.1033 
703.1578 
572.0978 
2067.0199 
621.3696 
1504.7292 
1200.8035 
866.9021 
752.1495 
1412.3553 
2210.0186 
1748.2529 
4807.5690 
1325.3568 
3891.6183 
2062.4127 
2607.6971 
1316.3064 
1747.5751 
4440.4690 
2812.2370 
5001.5859 
1675.0850 
700.2697 
962.4620 
953.6444 
1093.0414 
680.4076 
588.1643 
1053.2853 
895.3377 
691.8496 
968.9722 
1813.4815 
765.9058 
1348.9699 
699.2443 
638.6682 
906.5851 
597.2307 
1278.4872 
869.4585 
1018.9454 
1199.1084 
1285.4123 
2642.3557 
1174.6363 
939.5344 
1154.8414 
1286.2944 
489.5481 
2025.4249 
159.7117 
12517.6046 
1300.0008 
3492.7557 
1220.1063 
1744.4828 
2319.0719 
527.9098 
1105.6323 
2730.5012 
334.9317 
967.5197 
1768.3003 
794.7178 
1790.9256 
1080.1184 
1592.7593 
1163.9019 
1305.5517 
3099.2580 
1226.5590 
1353.1599 
1143.6034 
960.5281 
389.9306 
1167.6042 
1222.0791 
910.6195 
1787.3787 
1140.6581 
681.2550 
2094.0779 
521.2432 
1077.5073 
7611.9124 
5304.4196 
474.9412 
1340.3324 
1720.2683 
4529.7162 
2202.7825 
2473.4451 
1269.3825 
778.0490 
892.3069 
634.2613 
1093.2023 
704.0484 
2680.3956 
4655.9167 
2938.7407 
1944.2032 
1652.0085 
2989.7266 
3130.6503 
7019.4442 
1968.0705 
3487.0349 
1072.6394 
3952.4202 
2517.1023 
1886.3004 
7816.1156 
2142.2319 
3704.9836 
4705.3520 
3082.2358 
2515.2838 
5132.9798 
1541.4150 
2090.5043 
1887.4970 
2811.6220 
4679.4759 
2308.4901 
2954.4080 
1449.4637 
2369.7375 
2744.3693 
1481.7462 
3131.3312 
2529.3145 
1487.9558 
3083.9594 
2007.2707 
2782.2850 
1034.8969 
