7881.1471 
4387.6456 
3890.3979 
3769.9573 
6963.1712 
2293.1758 
2901.4508 
7973.9497 
1744.4085 
5955.8232 
629.8526 
13888.0807 
2403.2252 
8445.4030 
3299.4911 
2113.7470 
8794.6223 
7318.1490 
8649.0255 
4108.9234 
2194.4784 
2528.7603 
3154.3677 
2477.2264 
8084.2045 
9712.1894 
3351.6675 
2624.9937 
2410.7624 
4033.3243 
2993.4753 
10076.9287 
3978.8967 
3644.4382 
2894.7015 
2060.5502 
3536.4000 
2378.0264 
7169.9026 
6605.8021 
2555.7784 
5835.6689 
4115.3928 
8946.1110 
2840.0471 
4001.4041 
5323.5000 
3277.9851 
1968.5861 
8153.7056 
6769.6204 
3395.9217 
8628.4202 
3619.6557 
4049.1109 
10418.1543 
4468.5843 
8746.4236 
4040.2686 
4504.1166 
2828.9898 
14693.6211 
13341.6391 
2764.2370 
2322.2363 
2724.6108 
1611.7036 
6164.6505 
2817.0507 
9546.9653 
3229.5783 
2628.8342 
1020.2358 
9867.6329 
2380.2462 
1073.9467 
2293.0495 
3820.9226 
1099.5606 
6066.8423 
1136.4908 
2816.2658 
1905.0119 
2796.0951 
2636.8155 
1277.9589 
1037.8054 
2885.7387 
3757.1173 
2502.0828 
3956.0288 
7750.8952 
2092.2870 
2786.2053 
1664.4675 
7009.1441 
5940.3698 
3632.2264 
834.5615 
1506.5655 
2145.0575 
1380.5495 
911.5352 
1366.4356 
2834.1641 
532.6110 
931.8371 
2645.2481 
384.2062 
3909.1069 
878.5300 
874.0377 
890.4676 
1395.4127 
549.4388 
835.7354 
2041.4536 
692.8368 
533.7858 
607.7690 
554.0908 
425.8954 
659.1107 
491.8930 
3105.4630 
381.6176 
588.2765 
601.1752 
2668.9253 
1476.1920 
3514.8624 
3525.2276 
1145.2354 
1569.8642 
6096.2459 
2561.4789 
3106.1526 
1591.7255 
2657.9369 
1208.6908 
1262.4671 
3002.3438 
2704.2425 
1071.4999 
2975.2172 
1594.2526 
2346.3658 
877.0266 
1917.3554 
1387.2396 
5587.3724 
1017.4824 
1452.5772 
1266.1845 
2414.7303 
1494.6711 
3404.1815 
3066.8901 
4001.3608 
2342.6355 
1947.4974 
1411.0898 
1115.8048 
2906.0199 
1603.3466 
1880.8495 
1509.9944 
3300.1843 
1450.7025 
2253.8958 
1405.0944 
1159.3981 
3827.1662 
1049.2323 
1165.6712 
1045.6123 
1377.9306 
4248.6944 
5013.7959 
1295.4206 
1707.1268 
6946.5318 
1023.1927 
1922.2247 
11570.2194 
3074.3305 
6796.2973 
4083.4682 
1583.3072 
2711.0052 
1134.6453 
10795.6800 
4748.0492 
6162.5407 
7179.2719 
3428.3583 
1691.9102 
5847.9400 
5294.3784 
4338.3244 
2284.5349 
4869.4050 
3423.2813 
3882.0687 
4937.8352 
2832.9184 
3087.1500 
2278.0174 
5157.0144 
3803.3631 
2986.3542 
3001.7788 
2062.8625 
5876.6590 
2231.9683 
4167.4711 
4122.3825 
10199.7548 
2293.7771 
6469.4949 
981.5065 
3652.8287 
2780.4511 
4200.5737 
3569.0786 
6613.8486 
3313.6801 
4222.7272 
4129.2001 
5752.2958 
5025.5658 
4368.0953 
1988.0721 
2803.5320 
7157.0501 
4940.4999 
4920.4936 
6217.9653 
5551.9505 
2939.3547 
13411.6708 
2747.0832 
2073.9652 
2088.2849 
6597.6087 
9786.2308 
1110.7745 
2687.3676 
3039.4206 
3717.5741 
2103.3671 
2483.8953 
3631.8937 
3979.8483 
4072.7331 
980.5846 
8157.8548 
6881.7612 
1973.9716 
1576.1678 
3938.7528 
1028.2163 
6710.8776 
3456.1847 
6653.7232 
3124.1932 
2648.1569 
4563.8524 
1579.4001 
3188.8308 
1035.6945 
1420.0705 
4052.3459 
3342.3806 
3359.5299 
3407.5879 
2915.2361 
419.1335 
886.4047 
484.9829 
567.6308 
778.4800 
311.6926 
551.1479 
889.9167 
375.2605 
356.1670 
588.4938 
403.1105 
606.7719 
1154.9166 
446.1957 
1183.6339 
1140.1879 
533.1824 
620.3322 
1023.2210 
565.1950 
434.1973 
493.4266 
409.4469 
593.3308 
508.7488 
1462.1682 
562.2041 
989.7188 
1042.2623 
2740.2632 
1072.8728 
713.7149 
423.7729 
556.0987 
1023.0366 
686.3685 
986.3922 
372.9545 
448.9917 
2950.9530 
2169.3680 
1248.4532 
6493.0330 
6459.6630 
5609.1476 
3207.2204 
4234.7101 
4891.1776 
2131.1617 
3626.3870 
1021.6730 
3319.9403 
4559.0909 
4491.3737 
4431.2673 
1990.8847 
4648.5977 
1941.2086 
1268.2715 
2597.2005 
2129.2912 
562.8519 
1269.1629 
2365.4412 
1009.4301 
210.0285 
4828.1006 
1031.5071 
2447.2376 
1174.4178 
668.0496 
566.1537 
2315.7310 
1163.3228 
699.5897 
1884.4362 
915.8741 
275.3001 
1546.5425 
1873.8221 
1335.7669 
759.2150 
743.6309 
556.8814 
856.5917 
1705.4496 
1791.1385 
1106.8978 
1026.9761 
1414.2091 
1007.5094 
991.7945 
2397.2839 
1859.0806 
934.6059 
1813.3645 
2611.6687 
1043.6132 
1964.6609 
1041.2853 
2348.6539 
1675.2159 
2147.8626 
1107.1875 
2670.0741 
5345.2045 
1595.5467 
1274.2751 
2316.7149 
1069.3290 
3008.4149 
1237.3811 
1641.0879 
805.4408 
896.8837 
1380.8476 
4610.6491 
1207.1503 
1326.4666 
3393.8058 
6076.2964 
2466.8775 
1092.7237 
947.4069 
3719.1877 
759.2348 
1324.2294 
1409.6949 
2277.6121 
883.3560 
909.4626 
1678.1031 
1055.2012 
2975.7970 
1517.4474 
2183.5131 
2411.1828 
3591.0148 
1310.8818 
2473.6211 
1881.4242 
3384.7373 
1512.9568 
862.0966 
1305.6484 
2019.5289 
912.8735 
2199.1502 
463.8332 
673.3761 
1133.6776 
866.3812 
3142.5742 
2136.8078 
6086.8139 
698.6018 
2079.6194 
4573.9765 
2161.8880 
947.4764 
1512.9808 
1690.2092 
1160.3000 
1712.2665 
403.9954 
1419.1983 
736.1334 
900.5328 
2113.6038 
957.5633 
2654.0597 
1160.1637 
1733.9582 
2162.5297 
1679.4420 
996.5322 
1049.8427 
775.7783 
1485.8244 
1526.6027 
671.2344 
1359.6345 
806.2451 
1265.0106 
1907.9559 
966.6179 
1323.9842 
1046.2827 
1392.1943 
792.1451 
1594.7944 
1108.6279 
1055.7740 
754.9806 
1847.5219 
1173.1149 
1378.8973 
746.0332 
1096.8528 
908.2882 
1062.0220 
745.6362 
1617.0769 
4508.0107 
920.2539 
1909.3245 
896.2801 
1446.7602 
752.2161 
1384.8045 
815.2968 
963.9213 
1683.3210 
1854.5255 
2208.0617 
2289.9579 
562.7989 
846.4445 
874.5670 
1103.2197 
1288.9732 
4252.6908 
761.8667 
884.9368 
595.1117 
1524.6010 
1145.8525 
1460.4581 
1833.0977 
2033.6447 
6490.6901 
1487.6690 
1222.4291 
935.9383 
1202.6221 
1000.5513 
1833.9672 
668.2620 
2047.3620 
2023.0542 
788.1813 
840.9854 
2318.9883 
4656.2364 
3559.2912 
4094.9418 
935.1916 
4939.5958 
1274.0999 
2253.9489 
1625.4936 
2908.9512 
3042.1818 
2221.7778 
4293.1875 
1098.9685 
1852.3235 
591.4666 
552.7586 
1275.2977 
1251.7425 
1008.5344 
1224.2502 
570.6822 
1154.5116 
575.0615 
2025.6222 
933.7977 
1681.3538 
1033.5669 
640.7539 
733.4420 
861.4669 
2346.7393 
534.1264 
676.7724 
1576.9714 
747.9413 
737.4907 
2905.0774 
651.5386 
577.2870 
1224.8023 
559.3281 
1227.8205 
-1.0000 
12433.1037 
975.8795 
2436.9781 
747.4195 
454.1264 
959.0080 
567.0895 
699.3695 
2841.1807 
567.1618 
1893.8980 
2140.5163 
1077.5175 
1232.1880 
1401.4171 
2533.0147 
1578.4958 
916.2251 
3007.5442 
471.5918 
2115.1484 
1499.1536 
1323.7344 
814.7900 
1166.5401 
1833.4391 
654.5913 
2739.8989 
905.5144 
667.6325 
780.5538 
637.6166 
607.0249 
10919.4592 
7658.7148 
951.2461 
2144.8172 
1242.3101 
7239.6124 
1145.3029 
1527.0951 
1296.3938 
861.5415 
1082.9218 
960.8684 
369.5460 
1129.1190 
1027.1642 
6108.4213 
1625.2540 
1105.6074 
3064.3808 
1626.4509 
4606.9878 
4431.6385 
1286.6810 
7567.5546 
1469.4519 
4760.9441 
2756.6859 
2491.7844 
8129.9084 
1162.6361 
4351.1241 
2393.3022 
3670.6026 
3581.6629 
3204.5257 
1997.9689 
3059.3445 
1472.7235 
2240.8289 
4313.3916 
3609.1926 
2029.3179 
1791.9424 
2626.1495 
3746.0768 
2507.4254 
1461.2229 
1212.5037 
1507.6512 
2019.2727 
1573.3770 
1107.9677 
2907.5212 
