3142.6708 
4073.9679 
2602.7337 
3211.7081 
5664.6195 
4236.3313 
1887.0903 
3959.4061 
1843.4226 
3040.7327 
1168.3704 
5454.6776 
3783.8871 
2486.2431 
3098.0658 
1703.2252 
4774.9377 
6369.3986 
6472.9563 
4312.2023 
2298.1603 
2640.3781 
2280.4085 
2118.7152 
4288.1622 
9627.3663 
3041.1127 
2168.8044 
1968.8450 
2707.8651 
5692.7777 
6344.6176 
2928.2524 
2552.1681 
2368.2247 
1767.5399 
3393.6802 
1717.8554 
2302.8983 
3154.8553 
1949.9449 
3905.7674 
2001.9641 
5807.0966 
3918.0564 
1883.8618 
10210.2655 
2585.5398 
2298.0176 
1416.8163 
7313.7713 
3322.9087 
5323.6066 
4182.7860 
2171.5571 
11574.6186 
3401.9452 
4392.8832 
2015.5712 
3959.8515 
2931.4066 
11021.6997 
12239.2855 
3521.8015 
2289.0918 
4508.1444 
1792.6342 
3648.0230 
2888.2922 
8134.7657 
4146.9929 
2617.3744 
2316.9032 
4901.5231 
3395.1673 
829.5174 
768.5334 
1102.6406 
653.0866 
1573.6774 
1230.9320 
1030.8126 
1465.3187 
1196.7186 
2119.9307 
694.7199 
1143.6065 
1904.5193 
1063.9218 
2076.8488 
526.9205 
6589.9199 
1898.0859 
2059.5084 
1345.3956 
1891.3054 
1480.9148 
1354.5449 
1407.1100 
571.3558 
2515.3457 
938.1061 
505.3720 
864.0414 
1837.5802 
285.8143 
470.7450 
829.5599 
423.0071 
1939.0477 
529.5987 
650.4079 
399.7918 
456.5154 
354.4451 
400.8387 
771.2488 
396.3255 
532.1861 
384.2952 
476.5489 
381.3982 
536.4647 
357.2717 
1040.6685 
375.1680 
335.3044 
407.5839 
2437.4749 
1580.5183 
2399.0401 
1883.8555 
2884.8783 
1496.3741 
3109.3713 
1965.1014 
5283.5337 
1484.5868 
2223.0751 
861.5778 
1915.7554 
2499.6004 
2057.1572 
1090.8804 
1389.1009 
893.4203 
2565.3661 
785.0775 
1663.0007 
1357.4677 
3126.2197 
1218.9346 
1549.5144 
1570.2490 
2302.3015 
1596.7454 
1157.3748 
2755.1034 
2550.8205 
2438.9401 
1868.1528 
669.8357 
882.0886 
3551.1853 
978.3695 
3106.6965 
1866.1867 
5184.3769 
2822.0603 
1918.4073 
1467.7346 
1516.8756 
3409.1014 
1572.0225 
1495.3065 
1069.3492 
1291.0303 
6112.5079 
8708.0502 
1316.2816 
1083.8600 
10417.9485 
2448.3914 
2716.7133 
10198.0266 
2259.5742 
8657.3324 
2239.1155 
1290.7524 
4322.6011 
1853.6714 
10525.3700 
3271.9232 
6904.2915 
4337.9312 
4460.7637 
2806.2540 
2232.3730 
4354.8735 
2827.2190 
5592.2572 
2802.7246 
4373.3845 
3891.5265 
3916.8526 
2166.3528 
4883.9065 
2499.1808 
2876.4749 
3124.7205 
4220.2178 
5564.8507 
4029.9831 
4822.5621 
2821.4985 
4490.9187 
3288.3954 
4459.2044 
3804.6518 
3873.6093 
1888.7430 
3591.6516 
2830.3044 
1584.1825 
8195.1457 
4805.6873 
3492.9997 
2354.7089 
2723.0973 
5625.5049 
4672.3179 
2731.1468 
1858.9280 
4398.6194 
7558.1771 
3331.5105 
1867.1120 
2255.8100 
4035.9276 
3127.8574 
9391.0599 
2613.1848 
3735.0295 
3492.4929 
6246.2217 
5802.4753 
2584.3409 
2389.3173 
4017.8030 
1422.5759 
2060.2609 
2184.8787 
3612.7779 
4676.8740 
4530.4144 
1667.4740 
5565.3832 
6849.2674 
3701.9883 
4027.1357 
3876.4669 
1369.4310 
5471.6501 
3449.1403 
4729.9505 
7141.6631 
2667.3259 
4589.6141 
2802.8933 
2553.3652 
1111.2161 
3589.0848 
3667.8050 
5927.6080 
5886.9826 
5484.2646 
3946.8015 
376.7635 
512.9995 
385.5003 
321.5048 
557.8110 
341.1640 
413.0020 
380.5834 
341.8913 
391.9740 
414.8302 
381.3395 
370.3297 
838.5014 
324.2358 
753.2494 
1074.6729 
707.4920 
406.5198 
910.9810 
572.9239 
298.6207 
322.7248 
452.2939 
1093.2712 
438.3127 
1952.5195 
415.6221 
1125.6102 
547.5844 
1147.0742 
672.5201 
430.5523 
526.3242 
601.3337 
380.9695 
365.0545 
708.4223 
352.8360 
387.9298 
1633.7742 
1528.1993 
1865.6556 
3670.5169 
5559.9356 
2208.6412 
959.4389 
4485.7761 
2202.2259 
569.5085 
4581.4162 
1756.6462 
1982.9255 
4534.6136 
1997.7081 
3277.4926 
2074.0114 
1095.4760 
1337.6906 
1906.2068 
3400.1219 
1289.7272 
1158.3872 
2478.6267 
1514.7297 
396.7268 
1074.4594 
4240.6271 
3363.2537 
2605.4429 
1454.3354 
1056.9084 
452.2204 
2771.7022 
1805.9318 
2056.8001 
1230.9053 
576.3723 
717.3981 
859.9671 
963.3316 
4125.2452 
772.3908 
609.0817 
551.3923 
2576.7204 
800.0854 
1482.7881 
888.2004 
842.1804 
934.6839 
747.6402 
496.1839 
1029.9747 
1570.5484 
1039.9277 
1412.1387 
2803.9965 
946.1081 
1429.8111 
984.7504 
1441.3646 
994.1366 
1870.0804 
744.4375 
944.1620 
3381.7591 
4166.8831 
1142.1367 
2239.0861 
1048.5772 
1460.1994 
858.7189 
1010.9657 
818.4056 
747.1173 
1403.9264 
3163.3200 
679.8764 
1381.3375 
1071.5036 
4473.4868 
4844.9085 
718.4735 
944.2435 
1569.5518 
1075.9359 
691.2407 
872.0416 
1694.7105 
671.1894 
1322.1847 
685.7002 
1228.9485 
2263.6923 
994.4680 
1284.0560 
1241.4299 
813.3974 
1511.3152 
548.9120 
758.1223 
1735.7552 
1478.1730 
343.6916 
676.3742 
787.7529 
1683.1185 
1832.2138 
540.7323 
534.8159 
1380.0391 
1423.2495 
877.3554 
1299.7324 
721.2760 
732.0708 
1208.3600 
2337.1225 
1709.8431 
1057.9259 
602.4623 
1276.8283 
1335.7628 
1530.6408 
648.9683 
1894.8689 
1100.2444 
2218.6720 
583.8520 
566.1588 
816.1645 
477.0060 
1302.7285 
1613.9528 
1016.8656 
910.6617 
812.1578 
796.7453 
594.9028 
1218.7010 
944.9078 
1339.1663 
649.7754 
2326.5831 
941.5319 
1096.1767 
763.5919 
835.6886 
721.7172 
694.3974 
803.0117 
856.8893 
776.7020 
555.1857 
643.9737 
1301.9183 
583.8904 
917.5742 
564.3163 
913.3328 
727.7983 
1004.1499 
1436.5670 
1758.6491 
2037.2139 
1151.6389 
614.0093 
1028.8978 
806.2626 
1000.0326 
729.3077 
508.2692 
982.5326 
1031.5016 
967.7340 
2875.0384 
816.1260 
725.7549 
801.9737 
680.7991 
553.7323 
1768.4793 
553.2723 
1131.0602 
508.2141 
1035.1625 
751.7473 
620.0039 
1429.0379 
1897.2439 
1472.8962 
1769.3655 
1309.6133 
1215.2836 
1056.6202 
466.4233 
951.6378 
515.9297 
2233.1733 
1240.4154 
596.2410 
610.8568 
1060.2861 
2184.1425 
2161.5244 
2058.0368 
839.7864 
2312.1727 
2921.4750 
1218.4094 
1154.5338 
880.0337 
2346.3708 
1948.6967 
1724.6067 
729.9410 
990.3196 
753.2809 
1110.0838 
1056.8903 
970.9162 
764.8567 
634.4376 
1038.3311 
624.5408 
896.5931 
1379.7446 
469.2613 
2248.7153 
720.0677 
538.4807 
945.5543 
426.1289 
996.3424 
809.8000 
383.9509 
1601.1874 
1061.5732 
2164.7588 
1065.6743 
830.5444 
928.1104 
1354.8126 
642.0584 
754.0483 
409.0027 
9409.3850 
775.7161 
1363.1130 
864.7674 
1065.9503 
1569.0055 
802.3046 
688.2355 
1656.2047 
409.8588 
864.9547 
3987.7962 
1038.0449 
1553.3501 
1901.0779 
1035.7499 
744.4984 
822.3239 
2409.1236 
879.9742 
2680.1869 
1532.3837 
865.7259 
505.0450 
715.4124 
595.9382 
946.5093 
2389.0914 
1565.4633 
872.3265 
1544.6547 
599.1503 
505.4713 
12339.6969 
3011.5896 
664.8535 
901.0773 
1139.3081 
6665.7625 
509.7685 
882.8761 
934.9090 
551.5570 
870.8328 
1317.4764 
474.3032 
479.2755 
524.2018 
2567.1975 
1562.0908 
548.8890 
1056.4083 
752.1064 
2648.1673 
1657.8346 
1071.9394 
3679.3419 
2768.9016 
2779.3793 
635.4830 
1580.2937 
2948.4339 
1519.8688 
4120.7763 
4157.5734 
2241.7395 
1791.1915 
1179.1666 
1924.0657 
4030.7720 
2032.3602 
2252.5734 
5305.4947 
4087.0418 
3224.1900 
1114.6104 
1513.0223 
1512.7477 
1374.7247 
1379.4669 
1130.7584 
845.6139 
2224.7796 
2177.2333 
1502.6364 
1425.5155 
