12565.0431 
3945.7534 
3174.0330 
6452.3891 
5263.7559 
4186.0199 
1820.1683 
7077.6188 
2380.0306 
3210.6004 
599.7089 
13616.7458 
3183.6520 
5055.8884 
3908.2683 
2322.8683 
8566.4689 
9032.3980 
11392.1076 
3012.4772 
3611.3567 
2651.9665 
3815.0997 
2526.2688 
9887.0522 
13750.7580 
4529.6075 
2973.8432 
2687.1350 
7570.7729 
5472.7930 
12013.9021 
2699.4591 
2975.0309 
2574.9925 
2048.4381 
4566.7356 
2274.0237 
6882.3866 
6394.9665 
4185.8576 
7505.1799 
5648.5642 
10446.3063 
2886.6308 
3985.4751 
7441.2410 
3783.9454 
2307.0534 
10579.7875 
9684.3108 
2908.7292 
7612.6223 
5853.2066 
4234.7758 
13353.8461 
4567.8421 
4831.3320 
6063.2481 
5845.2752 
3645.7966 
18835.9219 
13830.4879 
3570.9806 
3610.7276 
5980.4698 
3972.8561 
8477.9104 
5657.0596 
8691.3488 
4085.4304 
3145.7764 
4281.5619 
9049.7379 
3922.8174 
2426.7422 
3589.8899 
3565.4568 
1484.0381 
6783.6813 
3234.7511 
4661.5184 
2453.5859 
4229.7781 
3728.6704 
1929.2238 
1886.3622 
3826.4366 
5260.7744 
4013.0904 
3785.5187 
8242.2710 
6151.6851 
2592.4720 
2979.4722 
10344.7276 
2505.8334 
4385.4219 
1295.9341 
1775.3645 
2956.4266 
2579.7093 
1619.1338 
2576.2984 
3056.7600 
724.4327 
2408.0113 
2915.1487 
820.4534 
8499.5686 
2434.0548 
1883.0974 
2285.3360 
2860.2211 
2957.1077 
1113.0083 
1962.9297 
1233.7931 
823.1935 
1457.7982 
1225.6635 
1305.6029 
1172.4903 
1257.0886 
5159.6657 
932.1852 
1843.0055 
713.6925 
2496.5019 
2431.0185 
6745.1298 
4371.2844 
3895.7490 
4437.2702 
11078.9248 
5159.4093 
8382.1793 
2032.6299 
2941.1440 
2342.9414 
2796.1191 
6206.6690 
2610.7673 
2455.6138 
2516.1703 
4099.4503 
5521.7726 
3070.6276 
3175.2330 
1755.6738 
5118.9891 
1406.1211 
1616.4963 
3463.9607 
4925.7087 
1841.3211 
2147.8294 
2151.8985 
5141.1146 
4231.1016 
4284.6657 
1669.5315 
1740.4977 
3805.1136 
4071.8459 
3408.8823 
2994.5381 
5769.9285 
5309.3383 
2853.0183 
3152.7286 
1722.7076 
9032.4452 
1918.7325 
1811.8858 
1785.3991 
2069.8487 
5891.1032 
5486.8910 
3145.2643 
1541.7293 
11306.4142 
1846.1796 
2791.0364 
10209.7846 
3501.1893 
8383.2713 
4177.9553 
3966.5361 
2510.3855 
1973.1544 
8842.3836 
3669.7255 
7600.9326 
7844.4020 
4393.9897 
4772.0968 
6655.0340 
6203.2910 
4210.6076 
5428.2623 
6674.5056 
4449.9921 
7887.0555 
5450.7287 
4328.4745 
5754.2213 
2502.5732 
9444.7922 
3338.9819 
2923.7940 
7506.5355 
1887.9348 
9345.9112 
2576.5231 
4447.7609 
5402.7986 
10997.6581 
3698.1523 
9457.0638 
5215.2940 
4784.4220 
4330.6242 
4366.5289 
5411.2573 
6963.7149 
4003.7349 
6060.0168 
5057.3320 
5525.7526 
5035.8288 
5206.3882 
4665.7518 
4717.8721 
9690.0134 
5201.3128 
5412.8744 
6490.3415 
4309.2668 
2702.6574 
8300.4035 
6610.3983 
3077.7179 
2209.3506 
9925.6535 
6844.4140 
2353.2841 
7339.5934 
4320.4226 
6328.2166 
3394.8757 
5091.9086 
5599.7364 
4111.5192 
6292.7664 
3016.7236 
8269.2133 
12299.5588 
4330.6033 
3872.6781 
3912.8846 
2852.6414 
7430.1168 
2889.4719 
8818.0321 
5358.5265 
4238.7606 
6896.0691 
3729.9050 
3528.1380 
2679.7869 
2382.5847 
4073.8529 
3870.1356 
3954.7240 
7484.6997 
4363.4803 
1325.7354 
1259.7632 
735.2817 
725.5269 
1524.2210 
714.3645 
863.2731 
2340.8557 
1003.2581 
938.2842 
981.6157 
968.1358 
919.9779 
1863.1143 
1392.8039 
2234.1747 
2411.1588 
1137.7195 
1445.9707 
5401.4186 
932.4154 
830.0418 
739.9599 
1263.1792 
1472.9170 
1167.1269 
6320.7296 
1212.4213 
2469.7640 
1058.9306 
6981.7430 
2324.7863 
1302.2015 
1017.7219 
1086.5614 
2331.1570 
879.9052 
3102.3755 
1211.5139 
1168.7322 
2438.2996 
3834.6671 
1532.7461 
10153.6160 
5641.8135 
8081.4850 
3505.9752 
4605.8656 
4173.0485 
1708.3921 
4993.2341 
3468.4609 
3579.7713 
6696.8589 
8625.0262 
7566.4440 
2345.4213 
4399.9649 
3768.0264 
3713.3095 
4500.7807 
289.0314 
18.2578 
39.4065 
42.0921 
84.4373 
-1.0000 
-1.0000 
-1.0000 
-1.0000 
55.6575 
16.1684 
121.3280 
-1.0000 
-1.0000 
-1.0000 
-1.0000 
10.5917 
-1.0000 
56.6456 
-1.0000 
18.5096 
-1.0000 
33.4873 
-1.0000 
1063.7622 
20.5733 
-1.0000 
-1.0000 
2993.7109 
4341.0559 
2194.9162 
1427.3331 
1929.5773 
3776.0037 
2044.6577 
2158.9461 
3673.6000 
1594.6757 
4760.1485 
1832.1592 
3889.3922 
3228.7690 
2661.1917 
1397.3626 
2452.7487 
4133.3162 
4611.4895 
2424.1257 
2668.5474 
1642.9036 
2491.2698 
2006.0377 
2433.5249 
1066.2137 
1856.2541 
1648.2243 
7017.4368 
1800.0076 
1630.7434 
3852.9039 
10700.9831 
6478.0173 
1726.7295 
1944.4002 
5452.2268 
1611.6222 
1007.3113 
2361.1270 
2629.2672 
1577.1579 
2443.6537 
2316.3363 
1835.0973 
3405.8393 
3379.9801 
1201.3961 
1992.0666 
2927.4899 
3299.5687 
3348.7625 
4886.1040 
4967.0792 
3130.8457 
1027.8791 
1307.4405 
2197.3708 
2119.3969 
3570.7486 
902.4739 
1698.4094 
1569.1120 
1449.2392 
4232.9860 
1368.3705 
2437.1510 
1032.0525 
2531.6167 
5360.4730 
2804.4431 
1934.5167 
3394.5678 
1822.2578 
2018.6940 
2156.8336 
946.7707 
3480.9249 
2059.8796 
2029.9852 
1199.2838 
2381.2658 
2844.7953 
1312.4821 
2786.8725 
2694.2989 
2229.8112 
2055.6770 
2015.1185 
2021.9120 
1984.1236 
1624.1332 
1344.7012 
2419.6601 
1206.5187 
1393.0617 
2446.1703 
2830.3558 
1865.2555 
825.0982 
820.5985 
1533.6143 
1584.1088 
1784.1790 
934.7591 
1357.5253 
2506.9810 
4189.0561 
3936.9439 
1804.1658 
2166.2272 
1697.0154 
1317.5235 
1064.5477 
1780.3154 
4491.7281 
1296.8047 
2217.9449 
2474.9256 
1435.2051 
1015.8148 
925.1948 
710.3032 
1409.4326 
2730.2009 
5145.2588 
2637.5385 
3756.5145 
2727.0424 
1467.9970 
1631.5528 
1222.4402 
1792.0428 
6145.3400 
1146.7238 
869.2719 
911.4324 
1785.8377 
1809.7885 
1512.8980 
2080.7335 
3512.7185 
5917.5360 
2060.8924 
2800.3848 
1119.6121 
1268.6215 
995.7183 
3094.4577 
1861.3933 
2449.7233 
1980.8557 
1539.1443 
1735.2072 
3590.7183 
3136.8221 
4430.5443 
7799.5190 
1499.5275 
4077.2138 
3657.8457 
2740.6084 
2296.4568 
1914.0577 
3463.4157 
3027.3423 
4920.8086 
1496.5934 
775.2837 
1570.7239 
1091.6531 
1629.7169 
2048.0573 
913.8593 
1403.8019 
2229.0584 
1961.5524 
1259.9395 
3589.6436 
866.6413 
2568.4953 
1138.4394 
1190.4324 
1024.3412 
482.3525 
2918.4808 
1719.2166 
959.1578 
3320.0806 
922.0720 
2171.7718 
1978.1712 
1337.9214 
1999.4120 
1441.6992 
974.6471 
2869.4898 
161.4405 
16138.6598 
1898.9968 
3290.6688 
1248.6421 
2848.6352 
2191.0711 
1055.0713 
1269.6953 
3512.0549 
673.3516 
1199.4624 
3533.5352 
1333.2992 
2646.6047 
2348.0182 
1535.9740 
1495.7623 
1266.1436 
6437.9863 
2509.1359 
1378.7805 
1903.5496 
1040.6501 
1163.1971 
2287.3260 
1975.9415 
1380.3252 
3392.5230 
1186.2440 
1157.7761 
2470.1950 
915.9084 
923.5106 
11698.7186 
6475.0547 
932.9980 
2298.5924 
1813.5325 
6001.7927 
2047.2834 
3411.6737 
1367.7708 
1165.6371 
1677.6372 
1113.5381 
1249.8900 
1668.3685 
2776.5854 
5819.4570 
5751.3543 
1968.5054 
1345.9535 
2039.3445 
6482.7565 
6401.4358 
1829.1015 
3720.0736 
1277.5798 
5009.1126 
3162.1441 
2496.8131 
6124.1578 
2885.6251 
5645.4025 
5788.4663 
2635.7775 
3391.6253 
5104.4372 
2433.0037 
2953.1952 
2556.6932 
2395.9387 
4374.4210 
4724.9778 
4021.8097 
1509.7870 
2302.0691 
4105.9515 
3889.8469 
2944.2184 
3761.6959 
2017.2370 
4583.2512 
2735.0384 
2999.2185 
1285.8137 
