8035.7894 
2386.1329 
3039.9469 
4479.6810 
4385.5978 
2853.7418 
1837.6176 
5831.3537 
2220.7798 
2298.2227 
546.4130 
11507.1478 
2232.9443 
4114.6946 
2953.7251 
2213.3619 
7413.6764 
9024.9229 
9753.2608 
1289.7074 
1443.5441 
1902.8340 
1925.6020 
1973.3986 
8784.2229 
7086.6242 
2084.9505 
1604.4150 
1966.1950 
4587.5942 
3543.2453 
11909.8335 
2687.5386 
2616.1936 
2388.0928 
1648.8410 
3382.2133 
2158.8870 
4221.0623 
6321.8861 
2928.6917 
6201.1048 
1900.2972 
7603.4446 
2701.9956 
2895.6250 
6782.6854 
2061.4226 
1696.9298 
5356.6030 
3949.8278 
2281.8398 
7338.1552 
4343.5255 
3274.5025 
6358.0271 
3885.2070 
4294.9313 
2368.5021 
3575.5578 
2855.3547 
10164.3418 
4571.7678 
2860.6528 
2150.5059 
3483.7785 
3870.9026 
5937.9808 
1816.9770 
7047.2122 
3358.9246 
2784.2719 
1507.1999 
9835.8195 
3587.6455 
706.6726 
1654.3753 
2388.9896 
1220.4169 
3183.7210 
1385.4968 
3120.4751 
1273.0843 
1928.6776 
2103.0103 
1111.2180 
1576.0790 
1309.7396 
2974.1093 
2813.2574 
2450.0225 
3755.4072 
3183.5499 
1203.1663 
2312.3946 
8708.7858 
1497.8491 
3557.6563 
966.7026 
972.8252 
2650.0963 
1340.7032 
927.5461 
1288.7897 
1845.0348 
468.1125 
854.6993 
2090.5999 
608.2037 
4226.6322 
1986.6233 
1364.3544 
1393.3300 
929.4108 
2222.5516 
702.3309 
1823.3177 
1023.8961 
598.3331 
986.7143 
1093.5247 
502.1201 
664.5518 
807.2643 
2842.1017 
450.2136 
482.1375 
718.5309 
1996.2737 
1657.7690 
2997.8828 
2271.2210 
1724.8036 
1753.0366 
5216.5978 
2832.0200 
4822.9101 
1403.9939 
1791.8278 
1332.4686 
1648.0489 
1943.0706 
2278.3842 
1384.3251 
1284.7947 
1931.5164 
6153.3466 
2086.8173 
2024.7014 
1353.5507 
4971.0616 
957.4467 
972.8645 
1700.0833 
2941.2309 
1296.0658 
1579.2781 
1504.1500 
2937.0172 
1177.0461 
1808.0506 
976.3367 
1160.7177 
2060.5933 
1529.4933 
2842.8897 
1942.8586 
2197.5839 
5277.5534 
1948.9686 
2260.5622 
1740.6872 
5332.7229 
1316.7979 
1473.6826 
943.1080 
1020.5836 
4327.9799 
5194.7753 
2226.8656 
939.6293 
8962.9274 
1360.1333 
1785.5601 
8428.2505 
2631.3620 
4783.1949 
3573.6351 
3117.5555 
1397.5975 
1623.3466 
8816.8076 
2300.8072 
3174.2733 
7297.1233 
1313.2597 
2736.4361 
3566.7920 
2586.4262 
3467.9558 
3209.6347 
6439.4360 
3722.7556 
7061.6476 
4587.4288 
3033.7268 
3544.3187 
3013.3048 
7572.6471 
3147.0759 
1615.8680 
3853.5311 
2193.3688 
6949.1693 
1912.1431 
3096.3813 
3629.0303 
6049.9745 
2119.3510 
7043.7584 
3673.6688 
4416.3138 
1598.0112 
3425.0648 
4045.1299 
4619.9779 
3533.1505 
4970.4942 
4463.1918 
5001.8019 
4217.4446 
2923.7614 
2655.7119 
2840.3650 
7863.0638 
6230.9918 
3962.1955 
5370.3452 
5069.9027 
2214.8111 
5235.4328 
3543.2267 
3015.5665 
2219.2327 
5357.9990 
6629.1078 
1652.8667 
2959.6609 
2458.1067 
4522.7347 
2442.9674 
4247.1340 
5203.7374 
4065.3807 
2616.6426 
957.4922 
5801.5025 
8241.2545 
1621.7612 
2463.2776 
2467.4897 
2641.0727 
7266.2057 
2863.8357 
5841.7282 
5591.2159 
3885.5696 
6974.6914 
3248.3802 
3355.5548 
1422.9623 
1369.1367 
3732.1729 
4548.4050 
4541.7377 
4329.9875 
3559.6324 
512.7138 
825.0919 
409.6064 
655.2879 
598.4208 
506.9090 
432.1445 
1035.6590 
372.4465 
515.8038 
607.7582 
496.0004 
414.5722 
1766.9838 
653.1645 
1450.9026 
1352.2983 
866.6144 
792.7957 
2525.3729 
521.9879 
509.2113 
514.0323 
495.4680 
1083.2416 
703.9755 
4803.5000 
348.9445 
2394.0151 
889.5405 
3255.3330 
1212.4986 
521.8081 
730.2301 
472.2542 
1433.3626 
518.5835 
968.2915 
383.5488 
705.4076 
1541.8087 
1189.5264 
832.3056 
8168.5845 
3304.4682 
5779.0733 
2430.5472 
3796.2961 
2972.7426 
631.0743 
2220.7995 
2289.6044 
1925.6271 
5322.3421 
6850.1769 
6387.2161 
1880.4110 
2882.5584 
1275.8851 
3071.5860 
2525.8776 
287.5200 
115.9457 
132.8207 
133.5933 
382.5165 
15.5030 
-1.0000 
-1.0000 
-1.0000 
270.8644 
107.7450 
327.0003 
-1.0000 
-1.0000 
45.1229 
-1.0000 
129.8318 
-1.0000 
215.9177 
33.6002 
122.2570 
-1.0000 
264.3683 
8.2501 
480.7431 
103.3624 
60.2287 
-1.0000 
2355.5249 
3130.0856 
1291.8008 
1364.9371 
2060.7374 
3369.4891 
1408.0617 
1952.3737 
2869.6691 
1060.1492 
3572.3221 
1460.9624 
3371.8747 
2530.3800 
2412.5046 
1339.2530 
1759.6925 
3973.8671 
4955.5036 
1734.0711 
1915.1040 
880.7158 
2109.7166 
1003.1430 
1911.5986 
1102.8433 
636.4635 
1527.5865 
3114.4434 
1163.2531 
1272.3053 
2563.8089 
5847.3344 
2525.3455 
951.7963 
1231.4615 
3723.8278 
1143.9221 
835.3046 
2073.0357 
2415.8444 
813.6485 
1291.6513 
1311.0276 
1183.8485 
2032.0122 
2132.9551 
827.4263 
1636.5669 
1880.1215 
1658.7329 
1780.8950 
1981.7531 
4337.7563 
2191.3811 
889.2123 
655.5101 
1073.4083 
1409.3946 
2186.0128 
376.3726 
995.0751 
798.2173 
712.4690 
3056.8878 
1149.6515 
2277.5717 
655.4498 
1586.8061 
3203.3233 
1198.9131 
698.8552 
1710.7779 
1165.3337 
1318.7212 
835.2180 
530.2624 
1141.4409 
899.0898 
1300.0648 
1158.3528 
1317.0045 
2020.4141 
1174.7393 
1413.7707 
1270.1544 
1616.3803 
1041.6818 
1315.2092 
1078.6542 
657.2081 
1190.5565 
956.6235 
1712.8038 
892.2208 
1222.7599 
1383.6317 
2242.4402 
543.2419 
675.2906 
888.7218 
1080.9909 
759.5504 
1137.5574 
616.9306 
1247.5847 
1928.3268 
2536.1546 
2050.9007 
1003.4597 
1548.7869 
1443.8016 
587.9953 
651.5055 
1378.5654 
2252.3603 
811.1014 
1486.6562 
1726.6173 
1095.3796 
852.5074 
611.7133 
577.1232 
1199.2049 
1060.2799 
3316.8372 
1487.3671 
2420.4597 
1074.1368 
1097.8937 
1836.5902 
899.4127 
808.0655 
4120.9464 
605.9085 
984.9442 
440.7565 
1199.1777 
1230.6543 
934.0024 
1923.5023 
1851.0368 
2993.6825 
1362.5861 
1030.9120 
634.9876 
673.4100 
999.5478 
1770.2108 
971.9730 
1550.0364 
1363.7616 
1196.3867 
632.3889 
2548.4069 
2787.0327 
2179.1559 
4755.6686 
1217.6279 
3082.0933 
2461.8493 
2304.8265 
1973.0169 
1067.2049 
2433.9674 
2757.6127 
2866.3494 
1176.2803 
721.9702 
771.3590 
688.8046 
1004.6225 
1350.7316 
419.8755 
1159.6888 
704.0819 
926.6292 
473.3273 
1740.1457 
627.4816 
830.7287 
643.0248 
1090.3507 
770.0813 
778.4316 
1532.9609 
683.7569 
644.1233 
1001.7696 
700.7984 
868.3676 
1823.5553 
710.4585 
643.2300 
829.3331 
694.8887 
1259.5176 
116.6251 
9094.2445 
2119.8372 
1864.5714 
641.8570 
895.9123 
814.5654 
395.6530 
778.0255 
2845.8583 
598.3774 
1270.8136 
1314.1540 
1339.8508 
982.2995 
1019.7780 
710.2254 
698.3965 
743.0538 
4155.2497 
663.8096 
2002.8394 
1315.1903 
742.0452 
994.4728 
1326.8801 
1221.7806 
1009.4046 
2035.7500 
535.7141 
626.2347 
1131.7263 
739.8948 
552.0626 
6674.6716 
1932.4263 
469.3973 
828.3373 
1191.5789 
7744.5810 
2005.0349 
2396.0458 
1294.6365 
877.2657 
1209.3184 
1097.4619 
522.7901 
990.2017 
1101.5657 
4238.6376 
2584.6510 
1069.4021 
2144.5005 
1351.8707 
5659.5170 
4378.6079 
1114.5523 
3237.9281 
839.0356 
4245.0087 
3361.2529 
1414.3269 
3319.3154 
1634.4519 
3821.5338 
4193.7816 
3794.4177 
4001.8441 
2630.0852 
2372.2628 
1347.7912 
1708.7415 
996.7553 
4160.3658 
2289.9693 
1527.5887 
946.8866 
1288.8452 
2834.7550 
1911.8851 
2268.3809 
1965.4920 
1003.4844 
2098.3255 
2492.4940 
1435.1271 
1091.0838 
