5598.5075 
1401.6146 
2079.0532 
3840.2347 
4184.2881 
2994.4859 
2341.6976 
4353.4818 
1827.0653 
4419.3934 
573.5705 
9602.1147 
2557.2463 
3247.8476 
3208.0720 
2171.9687 
3045.6690 
8805.8075 
9904.9353 
3413.8737 
2047.7222 
2323.7443 
2024.8052 
2431.2881 
4791.7479 
7276.7488 
2401.0338 
1485.5714 
1234.4203 
3875.6188 
2949.8732 
8164.7635 
2191.1742 
2795.0688 
2682.3530 
1442.8975 
2750.3465 
2225.9971 
3035.9834 
4519.0420 
1799.2337 
3027.0076 
2590.4159 
3899.3143 
2793.1300 
2416.8128 
8798.9179 
2346.0880 
1558.1296 
4894.0799 
4442.6739 
1657.4489 
4566.7261 
3488.4548 
3593.4155 
9343.0394 
3981.3127 
6984.2543 
2091.9356 
2782.1218 
2715.1789 
9533.7553 
9192.6051 
2651.3537 
2933.2695 
3294.4455 
2496.7823 
6222.4368 
2496.9775 
6532.3844 
3610.7817 
2488.1012 
2198.4892 
7599.5514 
1868.1381 
760.2091 
1116.7419 
2061.7727 
854.1416 
3786.3541 
1785.1810 
2026.1875 
1575.7787 
1281.7032 
1944.2955 
1601.0757 
1685.8138 
1089.3155 
2297.4443 
2547.3868 
1477.3869 
5790.4309 
1684.0458 
1554.6279 
1996.2954 
5231.8182 
4906.5229 
2500.5237 
1006.1455 
1960.6893 
893.8878 
966.4885 
1171.7495 
1017.5793 
2592.4512 
554.7196 
1452.8201 
1303.3926 
511.4803 
2178.3549 
1551.6426 
1119.1359 
900.6536 
653.9768 
795.6294 
620.0069 
907.3177 
598.0019 
596.4232 
770.7163 
597.4841 
385.4425 
606.2506 
458.8849 
1642.9807 
471.9803 
570.5349 
790.6183 
1299.4223 
1857.3997 
2728.7938 
2300.9659 
1330.7951 
1200.3439 
4656.7950 
1336.2562 
2090.1835 
1172.9659 
1541.5884 
971.5966 
1378.2014 
2070.0721 
2397.2394 
647.8211 
1100.8375 
1796.0633 
1463.7887 
1177.1858 
1852.3013 
1096.2416 
2667.8828 
902.3385 
871.2770 
1639.1603 
2373.4343 
1068.2269 
1704.2411 
1314.3831 
1632.9725 
1171.3084 
2573.9599 
1082.9275 
871.4698 
1823.8970 
1563.7785 
1137.3696 
1426.0975 
3581.7691 
1713.7232 
1774.7610 
1159.8713 
1137.3586 
1792.3297 
1170.3974 
1613.1216 
961.4479 
914.8437 
3490.2106 
3118.9192 
1418.2442 
1035.4554 
8426.6182 
1381.7830 
1764.1680 
5737.2476 
1567.2885 
2827.3574 
1615.7811 
1865.7378 
2142.5605 
1407.7371 
6644.6196 
2749.9482 
5367.9223 
6340.1331 
2728.5732 
1455.6386 
2683.8131 
3319.1122 
2837.8751 
2599.0726 
2339.2884 
2835.7980 
4661.1102 
4493.1873 
1869.7236 
3582.8985 
2036.3341 
5645.1443 
2684.2594 
2303.5311 
4572.5706 
2490.4487 
5156.5224 
1884.7977 
3272.0993 
2673.5169 
3555.8903 
3371.1741 
3856.5172 
1861.7806 
5327.6546 
1514.9704 
2353.6518 
5509.2871 
5206.5289 
2877.3700 
1924.7557 
3110.2378 
3152.2391 
3539.0997 
2013.0133 
2027.7368 
1423.6982 
3652.5039 
6518.6292 
2610.5603 
6349.5134 
3418.0007 
1771.6111 
9179.8147 
1885.1563 
2628.1686 
2018.7041 
5383.5016 
4673.6623 
2525.0469 
3012.9199 
3327.9187 
1693.3948 
2493.3902 
1535.2301 
3658.6625 
3310.5722 
3708.8202 
1212.9998 
3547.5360 
6495.9851 
2284.9259 
1555.6723 
1667.2343 
1975.4798 
5668.6576 
1690.7488 
4058.3363 
3286.8714 
1713.7161 
4760.8156 
2407.5383 
2398.9756 
1433.2150 
2210.4610 
2643.4278 
2919.5959 
2887.5395 
3532.7826 
1766.9421 
392.7507 
600.1944 
706.0187 
537.6080 
946.1309 
495.9708 
467.7240 
613.5388 
651.6496 
408.4752 
567.9240 
508.3396 
586.5241 
1049.0189 
544.2794 
652.8318 
1217.6265 
626.3168 
453.2803 
1296.9236 
663.9596 
515.0547 
363.4459 
671.0889 
824.2714 
488.4544 
2398.0459 
463.6129 
1032.5735 
575.7567 
1829.7719 
1118.0044 
518.1279 
516.0457 
549.2187 
796.1361 
525.2048 
777.6203 
464.6390 
559.8022 
1188.8780 
1199.0830 
2212.4690 
6168.8827 
4765.1453 
2134.7772 
1631.7927 
5339.6711 
1571.4968 
671.4735 
2141.4993 
1487.0888 
1615.5480 
4877.1159 
1667.2890 
3412.9787 
877.3784 
1508.8516 
2083.2980 
960.3759 
2730.0852 
2239.9361 
310.4486 
744.7446 
1175.3026 
939.2315 
165.7122 
1744.5348 
191.4473 
879.8460 
643.9927 
329.6590 
650.4522 
681.2543 
492.0012 
406.1810 
442.1699 
361.9224 
92.8867 
1520.0383 
289.4499 
465.6430 
321.0334 
348.1827 
296.6002 
492.5317 
296.0980 
685.6606 
221.4019 
1040.0457 
1868.8664 
1007.5199 
1049.3505 
1538.3765 
1646.8708 
881.6058 
1328.0538 
1819.1021 
1736.2200 
3073.2056 
744.9455 
2192.7265 
1284.6275 
1749.5278 
1097.7122 
1244.0020 
2741.5810 
2393.6884 
1231.0087 
1780.8264 
981.6914 
2228.1430 
1215.0505 
1070.8793 
624.9933 
815.6074 
1447.5252 
1767.0840 
743.9684 
1414.7970 
1275.8373 
3152.0990 
2273.8187 
500.7830 
1018.6619 
1369.5918 
1015.6975 
1049.4482 
1095.7058 
1055.7412 
588.5041 
966.6273 
727.6908 
767.6913 
1500.8372 
831.0864 
1958.5405 
1596.8473 
1000.8614 
932.8412 
699.7037 
921.5955 
2285.4116 
977.5402 
676.9176 
1019.9719 
1087.3050 
864.3521 
885.9314 
617.1195 
663.9686 
1385.3115 
1378.3590 
971.6667 
1571.4924 
3031.8217 
461.7888 
1158.5963 
2800.6016 
812.9594 
608.6957 
884.9875 
938.5224 
1010.5526 
1978.8342 
419.2747 
1471.8082 
566.2493 
1302.3823 
919.4565 
682.3209 
1922.8345 
1198.4391 
831.2041 
1666.7148 
1227.4382 
1170.6568 
740.7736 
543.9873 
457.9035 
1599.6132 
1049.5943 
1142.7695 
869.0222 
1363.5768 
1763.8876 
1270.6857 
755.0632 
857.4895 
711.3003 
845.6035 
746.8403 
917.4099 
849.9985 
642.2731 
1211.5853 
1147.6420 
1195.5726 
765.2033 
641.7135 
908.8369 
1745.2281 
606.0538 
2056.3047 
2178.2927 
1552.1754 
1222.7781 
743.7814 
1724.4924 
898.6060 
729.0935 
698.5043 
494.9569 
810.5637 
1490.9103 
1888.0780 
1665.7302 
1080.3925 
741.9619 
778.7195 
713.3147 
633.0470 
1622.7231 
634.0322 
772.1753 
592.1383 
697.9657 
1217.9822 
862.5899 
1017.3862 
1398.0874 
1870.2111 
1119.8936 
1237.8325 
685.6594 
1008.3749 
737.6932 
1003.5880 
504.5232 
1133.9259 
947.1672 
713.5970 
540.2168 
1780.4297 
1707.3304 
928.2384 
2291.9850 
724.9526 
1396.3272 
1415.5511 
1629.9206 
1256.1838 
1223.1531 
1477.2869 
1291.2286 
1958.9520 
1304.4904 
884.0158 
723.3094 
707.3531 
1100.9007 
606.8671 
809.3439 
804.4846 
1027.6135 
896.7181 
687.7520 
1301.1893 
906.2790 
1231.8806 
899.8156 
403.9087 
951.3344 
726.5805 
1516.9705 
688.4465 
631.6925 
1094.4543 
1395.4837 
994.4894 
1941.9746 
1008.3697 
552.1837 
905.2042 
522.7637 
1047.7942 
-1.0000 
5988.4396 
1300.4326 
2026.7174 
892.5453 
849.0064 
1490.3998 
527.0525 
447.7721 
1337.1109 
608.8720 
775.8913 
2329.9394 
1090.5407 
751.1996 
1571.4377 
1005.1235 
1256.5019 
1502.3181 
3265.6104 
809.8483 
2627.9664 
1089.8355 
781.8439 
658.4430 
1344.8790 
824.0407 
665.1095 
1455.7404 
947.0116 
473.7981 
867.9931 
1811.0239 
638.8640 
7960.2540 
3095.0649 
1497.5617 
1951.5228 
1680.6465 
6670.0009 
1994.3119 
1673.2042 
1501.7118 
809.4311 
1083.2379 
1600.3038 
819.9189 
812.7315 
1246.9783 
5882.8876 
2158.7855 
1170.6626 
1682.5914 
1799.4764 
2646.5178 
4305.7688 
1676.4583 
5289.5647 
1232.3388 
5815.1041 
1694.6985 
1011.7063 
8272.0839 
1502.5114 
4518.9788 
3075.8535 
1561.3595 
2781.3057 
2879.3767 
2112.1159 
1972.2528 
1928.1642 
2330.8346 
3121.8155 
4076.9137 
1722.0381 
995.7351 
1158.2852 
3439.2363 
2165.0843 
2247.0411 
973.2779 
1810.3695 
2615.9844 
1698.3516 
869.5055 
1335.0077 
