5387.4253 
2846.6815 
2269.7720 
3474.1521 
5576.1114 
3418.1471 
2167.5267 
5592.1934 
2789.4152 
2995.9798 
756.4554 
7776.6638 
3277.9461 
2317.8840 
2728.2658 
2561.6421 
5271.9523 
5232.8684 
9604.0363 
3261.9773 
1833.9771 
1694.8140 
2426.5759 
3340.3125 
5912.4678 
7485.6036 
3457.4369 
1190.5315 
1224.5771 
3316.5373 
3118.8483 
8682.8366 
2985.5521 
2819.2112 
2387.5819 
1201.9423 
2038.5833 
2161.5877 
1924.7917 
3094.3814 
1076.7836 
2297.1425 
1331.2882 
4475.1948 
3592.7851 
1511.2295 
4413.2504 
966.6882 
2339.2560 
3270.2038 
4081.9381 
2432.1358 
4508.4481 
4110.1857 
2864.8247 
8128.6684 
1764.3925 
5501.1320 
1433.9006 
1994.0243 
2173.7643 
7419.3547 
7048.9199 
2629.0929 
2791.1534 
3290.0262 
2518.9995 
3170.5367 
2057.4458 
4980.5518 
3512.7551 
1553.5913 
1567.5340 
5947.3646 
3634.5972 
677.4111 
1110.5483 
1893.5589 
911.7467 
2370.6471 
1469.9427 
1037.1278 
1686.0605 
1180.2525 
1062.3842 
903.6609 
1606.4091 
1041.1288 
2012.6018 
2002.9526 
1265.5545 
4500.1807 
1455.6446 
1120.6806 
1409.1526 
8589.4700 
1673.9935 
1916.2674 
1260.4811 
878.4578 
1269.2315 
744.4399 
798.4131 
1121.5506 
2426.9544 
459.7954 
1033.5518 
743.0460 
454.4291 
1284.3868 
577.4849 
640.4635 
635.8622 
507.9948 
538.3164 
653.9531 
951.4322 
664.8932 
556.1926 
395.2738 
537.1088 
445.2678 
426.6516 
340.7885 
1210.4159 
398.1152 
266.7584 
763.6946 
1503.8998 
1551.0015 
1554.7143 
1436.5480 
1451.9498 
1765.6058 
3323.6013 
2133.2944 
2987.3383 
1418.5096 
1409.8636 
1419.9563 
2205.9110 
1902.8233 
2047.7660 
887.5596 
1136.7873 
1311.8535 
1756.5642 
1188.9000 
1609.4189 
1008.2597 
1798.8656 
951.8178 
1055.4525 
1265.3473 
1968.7515 
1787.3355 
1253.3511 
1419.6508 
1853.4904 
1376.7361 
2102.2944 
1266.4846 
966.0562 
1384.7192 
1381.9855 
1508.9110 
1220.1030 
3856.3040 
1482.3231 
1487.3975 
1432.7985 
1039.2794 
3992.0803 
1615.2081 
1250.2239 
832.1181 
816.6394 
2731.9697 
1531.5823 
1559.6639 
1422.0302 
9090.1186 
1881.1395 
1756.4667 
3057.3469 
1971.1208 
2995.4767 
2188.5598 
1416.0640 
2909.3878 
1919.2154 
7189.7732 
3220.7266 
4485.6470 
6250.6956 
2917.0904 
1771.5528 
2314.1991 
3423.5060 
1929.5566 
3758.3204 
2617.3030 
5533.5861 
4378.4050 
3667.7829 
3212.5438 
2160.0237 
2560.1762 
1705.3434 
1822.2537 
2130.8307 
2712.5823 
3162.6406 
4988.8915 
1965.0052 
2171.6211 
2059.5178 
3845.7427 
2644.6189 
2582.3165 
2366.0055 
2782.8852 
3144.0840 
3200.1343 
8017.2279 
4278.3974 
2793.7435 
1750.8154 
2511.1153 
2548.4074 
6619.9247 
2486.1144 
1845.6813 
2424.9344 
2500.0543 
5694.8038 
2706.8576 
6001.4501 
4909.8175 
2417.3077 
6998.3138 
4387.3889 
2958.4441 
3451.8267 
3789.0583 
5418.6143 
2352.7012 
3339.5986 
3392.3941 
1392.7082 
2000.1526 
2777.4788 
3544.9113 
3011.4851 
3251.7612 
988.3005 
4509.8280 
6699.6011 
3392.2198 
2584.3285 
2260.6311 
2471.3453 
5043.9055 
1861.1696 
7416.4051 
3271.5849 
2218.0472 
4968.8745 
3224.5885 
2827.3849 
1207.6399 
3655.8925 
2129.5451 
3781.0227 
3795.9701 
6191.5266 
2382.3184 
431.5926 
1029.1086 
390.6057 
481.4305 
1485.2540 
355.1350 
373.0599 
442.5828 
616.3029 
495.1412 
431.5535 
604.8004 
373.8951 
669.2432 
459.8656 
449.4641 
950.5723 
892.6809 
552.7200 
1188.0539 
854.7970 
589.3100 
361.7617 
783.7549 
436.9204 
438.0820 
2897.7536 
391.9501 
820.5742 
617.5792 
938.8352 
547.1806 
633.9833 
551.2957 
464.0476 
773.3376 
524.8837 
814.7863 
314.7174 
445.8712 
935.9324 
1569.0832 
1744.2923 
5795.7207 
5503.9419 
2799.7306 
1906.1370 
3089.4878 
1661.7072 
800.0627 
2989.0200 
1524.2683 
1637.3771 
2169.1926 
2051.9208 
5008.9223 
1304.8969 
1868.6866 
932.3035 
1493.7076 
1779.7639 
2672.2688 
897.3000 
904.9969 
1464.9537 
1839.2625 
220.1353 
2493.2222 
394.8469 
1729.4859 
1646.2761 
412.3076 
815.2069 
1141.3524 
493.5486 
299.2926 
553.8334 
642.7298 
271.0171 
1213.6240 
823.4099 
1704.4613 
380.8966 
985.4278 
576.4199 
558.8441 
760.1900 
1621.5484 
481.3954 
1004.0374 
1387.4204 
796.3581 
908.0539 
2255.4064 
1443.9925 
1077.8264 
1605.3296 
2215.5769 
2085.0871 
1775.2303 
1030.9573 
3328.5613 
2554.3614 
1058.4140 
2476.7541 
1648.7832 
2448.3391 
2570.9459 
1131.9346 
1882.9990 
985.9894 
873.1398 
1170.7390 
1291.5912 
515.1618 
731.7128 
1244.7454 
1511.9259 
510.1937 
1475.3599 
2065.8868 
2423.3256 
1484.1554 
721.6346 
1015.3380 
1997.3385 
735.4927 
570.1837 
1286.6244 
2160.4845 
811.0483 
1122.1173 
718.0085 
875.3725 
1795.7341 
1497.8453 
1453.6201 
2407.6188 
443.7970 
1243.8156 
1053.0022 
827.5207 
1830.9932 
1055.2634 
662.7592 
1086.7697 
1215.8036 
1021.3566 
1258.6518 
474.5756 
629.9308 
1278.7787 
1477.9802 
1245.4610 
2145.0973 
1933.1036 
539.8443 
865.8988 
1778.1747 
1269.1147 
528.9967 
944.6386 
1092.3047 
1131.6851 
1801.3636 
590.5335 
894.3961 
823.9364 
1998.8782 
977.8929 
570.3738 
1107.7431 
834.8087 
926.5136 
730.3670 
1383.0741 
734.3562 
872.6071 
991.6248 
514.2208 
2012.7970 
1307.9876 
1268.2260 
644.1214 
1068.3581 
1853.6194 
827.3081 
701.7559 
839.7310 
1185.0147 
1019.2024 
530.2469 
1143.7957 
940.4705 
771.8297 
1638.9883 
863.7870 
1017.3715 
621.1798 
765.3078 
761.8869 
1156.5923 
517.3716 
1808.7478 
1821.6888 
1395.9780 
1613.4311 
633.1646 
1636.5552 
687.7999 
551.5459 
541.8979 
521.6602 
1056.9092 
1468.6936 
2001.7944 
1855.9582 
1002.6890 
925.7489 
1024.7916 
1217.5277 
985.9719 
1372.2286 
503.5767 
1026.3224 
594.4968 
551.5939 
1220.6784 
1384.3789 
857.0906 
1614.4500 
1685.6017 
1251.5331 
973.0632 
1153.2630 
976.0853 
853.2203 
942.8345 
402.8401 
686.5821 
1011.7285 
1228.4906 
719.7320 
2531.1951 
2235.5084 
1486.4890 
2035.9360 
733.6833 
2430.5180 
1755.6042 
768.7846 
1459.0966 
1294.2089 
1083.7673 
1478.2209 
1572.5832 
1410.9638 
917.6520 
697.6466 
1275.0066 
898.0680 
759.7343 
1075.4419 
773.2168 
997.7639 
1099.5198 
651.7965 
781.2331 
604.2692 
1461.6853 
771.4214 
466.5152 
942.8373 
640.7483 
1594.6242 
855.8600 
496.3964 
781.8335 
1779.5135 
1225.7100 
1502.1341 
1039.5879 
777.8783 
1385.2163 
718.5124 
860.2770 
-1.0000 
6572.6720 
1070.4826 
1329.8389 
618.3353 
849.5690 
767.3979 
596.6657 
650.3961 
992.4131 
488.4454 
808.2389 
2385.0958 
1473.2361 
913.5360 
1258.6877 
1383.1696 
904.1835 
1016.6244 
2631.3681 
1650.3308 
2188.7818 
1094.5365 
624.0996 
829.1034 
953.8989 
676.2039 
1042.0818 
1784.4313 
1195.7245 
811.2281 
1096.9289 
1361.2909 
564.4358 
6807.0071 
1150.6712 
864.6700 
949.7243 
1150.8591 
7830.1223 
2903.2712 
2317.5144 
1271.8248 
906.9779 
884.6455 
1858.2105 
916.6216 
1395.2704 
938.8733 
3210.3105 
2011.6189 
988.3040 
1808.7665 
1589.8301 
2937.6562 
3041.3487 
1500.5369 
3019.2229 
1295.8228 
2335.7146 
1141.3499 
1546.0021 
5778.3784 
2022.4472 
2212.3667 
2883.4177 
1666.4731 
2331.1888 
2071.4338 
2482.4003 
1608.4784 
927.5061 
1888.8955 
3153.9041 
3875.1627 
2039.7513 
1263.6619 
1291.5172 
2520.7486 
2716.6454 
1681.7011 
1798.9424 
980.1599 
2776.9571 
3797.5517 
865.3849 
1122.8360 
