10549.2296 
3708.4961 
1419.1834 
5370.8364 
3596.0867 
1609.7071 
1836.4378 
6133.7104 
1334.3790 
3018.5105 
469.0351 
10635.3418 
2081.4458 
4043.0653 
1195.9644 
1961.9372 
8016.1318 
7925.7163 
10973.8552 
2654.8705 
2983.2053 
1464.3347 
2713.3891 
1053.9731 
10872.4488 
7737.5167 
2552.1706 
2033.2822 
2066.0733 
5230.2609 
4011.1236 
8080.2300 
1700.6293 
1922.3604 
2504.1223 
1542.8931 
4398.3862 
2224.1588 
5082.6512 
5457.4402 
3410.8555 
5793.8490 
5077.3370 
7429.4876 
2393.7409 
3420.3452 
7005.4950 
3263.7929 
2399.1484 
7831.5715 
6787.6749 
869.0736 
6566.6127 
2901.0177 
2707.0505 
7884.6101 
3170.2846 
3267.4150 
6085.6013 
2956.9307 
3789.0355 
10889.3161 
9537.7617 
2124.7682 
2915.6974 
3571.8098 
3631.8422 
6235.4229 
5011.3274 
4981.3439 
2780.2037 
2528.4471 
3779.6630 
6786.7340 
1694.7741 
1905.6332 
1999.5248 
1922.1279 
940.2918 
3931.0973 
1925.7304 
2657.1020 
1711.3707 
2259.0874 
2195.5168 
1669.5752 
939.1637 
1824.2414 
4455.8581 
2482.7886 
2157.0496 
2894.5441 
1919.6231 
2014.8359 
1931.0608 
6224.1600 
3558.8400 
2157.5796 
1091.5787 
1692.4685 
1796.9530 
1626.9055 
963.6599 
2068.1272 
2680.5092 
496.4195 
1735.2269 
1575.2215 
648.7342 
5542.4250 
1494.2556 
1292.3345 
1258.1004 
712.2395 
1392.7193 
916.0955 
956.9572 
845.3530 
575.6550 
1638.1966 
734.0871 
526.9058 
1007.9555 
899.5955 
2178.0120 
706.5447 
1235.3894 
401.0725 
1707.7565 
1353.5041 
4869.9831 
1936.6816 
2573.8456 
1857.7211 
5598.3032 
2682.3554 
6041.2446 
2029.0912 
2105.1548 
1467.0297 
1898.9906 
4563.3327 
2568.1686 
1427.5024 
1659.9032 
3821.4280 
3794.2579 
2394.9802 
3378.2706 
1824.7818 
5822.2201 
1247.4476 
1421.0074 
2415.9524 
3446.1846 
1244.9706 
3095.4897 
1211.9152 
3853.1227 
3555.4547 
3340.1512 
1490.8498 
1615.9759 
2507.3038 
2977.6336 
2616.3329 
2628.5721 
4107.9591 
2717.8383 
2089.3774 
1462.0422 
1226.5891 
4532.9387 
1675.4236 
1291.9488 
1657.8481 
1486.5933 
3975.0292 
3045.2123 
2280.2082 
1552.1812 
10195.0275 
1424.0071 
1852.1971 
9500.9175 
3438.8458 
6794.0081 
2610.9331 
3846.5496 
2155.3376 
1416.7653 
7873.5512 
3379.8162 
6629.8888 
6521.7337 
3252.7918 
2946.6490 
5138.0240 
3104.3287 
3204.9209 
3560.7757 
5303.6811 
3421.8074 
5256.5353 
4707.4035 
4631.9686 
3121.3299 
2878.4001 
6908.5653 
2394.5302 
2462.4124 
4648.9717 
1542.3941 
7621.2997 
2170.7679 
2577.6458 
3798.3260 
6064.3199 
3112.0099 
8775.4844 
4653.3210 
5293.5870 
2642.9057 
3865.7503 
5979.7254 
5411.0937 
2515.9699 
4487.5433 
5101.1542 
3831.0311 
3823.8052 
3959.2446 
4426.8830 
2879.5121 
8689.2651 
2414.9382 
2988.1895 
3029.7983 
2941.8546 
1889.2570 
6199.4688 
5563.2444 
1872.8867 
1633.3062 
8089.1946 
4104.1123 
1157.1040 
5490.1540 
2406.4389 
4411.1264 
2555.9055 
3131.8884 
3644.6857 
5330.9887 
4048.0994 
1969.6813 
4897.7069 
8053.5759 
3317.4810 
1716.4747 
3845.5699 
2190.0523 
6651.9984 
2088.6775 
6982.2572 
3473.4167 
2970.2512 
5771.3821 
3089.2547 
2821.4164 
1280.3312 
1397.2175 
3129.5170 
4445.7113 
4519.7815 
3680.6826 
2646.4425 
554.4951 
779.7784 
523.3720 
522.2939 
826.0472 
490.4851 
661.3653 
1887.0490 
634.6301 
744.5824 
679.5213 
727.4493 
724.7512 
867.5989 
680.5927 
1030.4391 
1067.5539 
1392.7058 
771.8101 
2091.9591 
506.3593 
628.4763 
531.2795 
692.3042 
1196.9749 
970.1880 
4337.7105 
871.1086 
1456.0776 
645.5696 
3725.0031 
1443.9375 
878.6726 
655.2833 
1083.1302 
1115.0235 
978.7989 
1721.5039 
506.8123 
839.4425 
1136.3036 
2665.7820 
1156.0309 
9366.3601 
4175.9599 
5990.7734 
2598.9549 
4743.9750 
5147.5276 
1458.8368 
5222.4621 
2474.2461 
2667.4796 
5680.8162 
7726.5295 
3921.5757 
1422.1267 
3264.6777 
3283.2401 
1743.1809 
3454.9891 
270.7861 
-1.0000 
-1.0000 
-1.0000 
-1.0000 
-1.0000 
-1.0000 
-1.0000 
-1.0000 
-1.0000 
-1.0000 
100.1230 
-1.0000 
-1.0000 
-1.0000 
-1.0000 
-1.0000 
-1.0000 
-1.0000 
-1.0000 
-1.0000 
-1.0000 
7.4717 
-1.0000 
876.1994 
-1.0000 
-1.0000 
-1.0000 
2181.4992 
3809.5629 
1722.8083 
1137.3512 
1320.1864 
3095.4407 
1792.0082 
1722.9184 
4270.0152 
869.2673 
5448.1350 
1472.1033 
3688.3027 
2403.3372 
2261.7560 
1372.8916 
2197.8889 
5080.5755 
3012.9225 
2054.7985 
2426.6060 
461.2504 
1118.0863 
709.7740 
1073.6014 
798.5532 
691.2519 
969.9217 
1777.5532 
903.2682 
703.7709 
1376.5567 
5019.9821 
2059.3697 
1300.9818 
1065.7317 
2764.5833 
825.1267 
718.7615 
1301.6974 
938.4791 
971.3577 
1471.9961 
951.9480 
1067.8144 
1431.2868 
1583.0199 
934.8111 
1505.0111 
3380.1358 
1611.7835 
3280.7468 
2565.5921 
3328.1030 
1663.8456 
622.4224 
735.9173 
1010.2842 
1381.8811 
1975.4362 
498.1102 
1043.8224 
842.9892 
549.0873 
2416.5165 
835.2522 
1656.4708 
544.2673 
947.4658 
2564.8544 
2488.5889 
551.7773 
2558.8874 
1307.8838 
1287.3622 
1591.8718 
1035.7086 
1369.8057 
1040.8065 
861.8829 
760.2918 
983.1377 
1703.2497 
695.6049 
1630.2031 
1341.9627 
718.4367 
1210.8337 
1294.9512 
1063.9923 
1349.9689 
751.4154 
598.5065 
1415.7673 
650.7918 
896.4345 
1470.6286 
789.0798 
1058.7936 
569.2445 
501.0502 
895.4012 
667.8621 
718.4972 
616.1034 
1179.7259 
1449.1448 
2599.7042 
1739.4605 
1429.9063 
1422.2771 
839.2638 
1108.5204 
555.6575 
808.9878 
1747.7785 
1230.8850 
1447.3758 
1123.2566 
811.9219 
731.2513 
466.2064 
563.4805 
655.4999 
890.5112 
2936.5186 
2888.4600 
1713.0664 
1693.5078 
873.1871 
1293.1839 
353.3964 
595.8973 
2780.4730 
834.2652 
449.1159 
578.4321 
1220.6656 
725.8607 
724.2955 
1163.1696 
1556.7472 
2002.3791 
1252.9960 
1382.3800 
851.8706 
1083.7125 
783.4557 
1684.9533 
612.3060 
898.8966 
1130.9074 
772.3393 
971.1663 
1156.6644 
1482.1344 
4216.5420 
4553.0835 
1028.6589 
2606.0224 
1653.3037 
1059.8728 
1035.6339 
1870.9226 
3537.6889 
2029.7002 
3191.5837 
1302.0178 
542.0560 
1092.1865 
757.8942 
1224.3978 
837.6454 
805.8538 
1193.0552 
731.0642 
2086.5547 
460.9934 
2813.8092 
586.4633 
600.5356 
899.7832 
550.8642 
762.7947 
498.0363 
1688.7317 
1448.4509 
578.6734 
1425.3472 
1052.2825 
1381.4662 
741.8937 
534.4846 
1199.2016 
709.3714 
802.6470 
1392.8907 
148.6446 
10724.9501 
1115.4102 
2514.1485 
909.8714 
2738.6077 
1686.1630 
464.5145 
1047.1544 
2677.6879 
730.2268 
814.2143 
1763.6100 
784.3674 
2103.3185 
1242.9630 
816.6614 
694.7101 
731.0051 
5098.8206 
1657.8493 
1059.1129 
1230.7309 
884.2017 
662.4335 
961.8542 
1200.4550 
1095.6441 
2193.7745 
803.4190 
522.3492 
1596.9102 
604.8954 
642.1970 
6136.0088 
7912.9435 
928.6258 
1814.1799 
1830.8957 
6611.4803 
1505.4035 
2419.8808 
770.9338 
929.5933 
1359.0590 
809.9913 
593.4652 
1302.7027 
2851.9574 
5520.2784 
3069.7154 
2772.7079 
1659.5117 
2099.0984 
2378.3294 
5202.6396 
844.0552 
4452.2665 
1017.4329 
3549.0861 
2080.3056 
1099.7197 
7216.9154 
2099.7068 
3377.9007 
4868.5127 
2826.7914 
3154.4429 
3215.1858 
1801.9379 
1445.1235 
2170.2151 
1314.1431 
3200.9140 
3270.9028 
2895.6111 
1126.6360 
2503.1480 
4195.6020 
2520.3649 
2521.9129 
2383.6834 
1484.8439 
2960.3116 
1808.0900 
1916.5250 
917.1551 
